snap_ts,asset,expiry_ms,strike,opt_type,mark_iv,mark_price,bid,ask,underlying_price,open_interest
1787699721,btc,1787817600000,80500.0,call,47.07,0.00440341,0.0041,0.0047,78971.36,21.3
1787699721,btc,1813910400000,94000.0,put,43.15,0.24933473,0.247,0.2525,82096.7,0.1
1787699721,btc,1798185600000,58000.0,put,47.98,0.01391534,0.0135,0.0145,80189.13,1974.1
1787699721,btc,1787731200000,78000.0,put,41.77,0.0012605,0.0011,0.0015,78951.17,132.6
1787699721,btc,1789113600000,81000.0,put,42.56,0.04972384,0.049,0.0505,79085.62,28.5
1787699721,btc,1793347200000,100000.0,put,46.56,0.27023151,0.266,0.2745,79562.46,0.0
1787699721,btc,1789113600000,85000.0,put,45.08,0.08759131,0.085,0.0905,79083.0,30.3
1787699721,btc,1787904000000,105000.0,put,84.05,0.32913585,0.326,0.3345,78995.07,0.3
1787699721,btc,1798185600000,220000.0,call,68.19,0.001043,0.0008,0.0013,80191.76,260.4
1787699721,btc,1806048000000,80000.0,call,42.76,0.13544409,0.1345,0.1365,81070.52,965.6
1787699721,btc,1790323200000,175000.0,put,89.1,1.20963579,1.203,1.2205,79199.89,3.3
1787699721,btc,1790323200000,77000.0,call,41.0,0.06171019,0.061,0.0625,79199.89,184.9
1787699721,btc,1798185600000,56000.0,put,49.24,0.01155368,0.011,0.012,80189.13,488.1
1787699721,btc,1790323200000,75000.0,put,41.22,0.02437531,0.024,0.025,79199.89,3728.2
1787699721,btc,1798185600000,140000.0,call,53.9,0.0059179,0.005,0.0065,80191.76,1423.6
1787699721,btc,1793347200000,71000.0,call,42.06,0.1341509,0.133,0.135,79562.46,277.5
1787699721,btc,1787990400000,81000.0,put,48.53,0.03400971,0.033,0.0355,79008.96,0.0
1787699721,btc,1790323200000,90000.0,call,45.79,0.01245283,0.012,0.013,79199.89,6596.8
1787699721,btc,1790323200000,73000.0,call,41.66,0.09538388,0.0945,0.0965,79202.43,41.0
1787699721,btc,1798185600000,76000.0,put,42.55,0.07119064,0.0705,0.072,80189.13,188.3
1787699721,btc,1798185600000,250000.0,call,71.54,0.00063035,0.0004,0.0009,80189.13,1291.4
1787699721,btc,1813910400000,85000.0,call,43.02,0.14116258,0.1395,0.1425,82096.7,143.8
1787699721,btc,1813910400000,45000.0,put,51.38,0.01603666,0.016,0.0165,82099.24,160.0
1787699721,btc,1813910400000,106000.0,call,43.8,0.07093119,0.0695,0.072,82099.24,0.0
1787699721,btc,1806048000000,70000.0,call,43.64,0.20312916,0.202,0.2045,81070.52,798.1
1787699721,btc,1787817600000,76500.0,call,45.68,0.03306928,0.0295,0.0355,78973.94,0.0
1787699721,btc,1793347200000,40000.0,put,73.02,0.00098553,0.0008,0.0013,79562.46,76.2
1787699721,btc,1787990400000,73000.0,call,52.58,0.07731218,0.0735,0.08,79006.37,0.0
1787699721,btc,1789113600000,95000.0,put,54.32,0.20414388,0.201,0.209,79085.62,0.1
1787699721,btc,1787904000000,88000.0,call,61.05,0.00025625,0.0002,0.0003,78992.48,878.0
1787699721,btc,1813910400000,108000.0,call,43.92,0.06659051,0.0655,0.0675,82096.7,6.5
1787699721,btc,1787817600000,81000.0,put,48.38,0.02891213,0.0275,0.03,78973.94,0.0
1787699721,btc,1787904000000,55000.0,put,161.71,8.761e-05,,0.002,78995.07,952.8
1787699721,btc,1789113600000,67000.0,put,49.04,0.00223196,0.0021,0.0025,79083.0,84.8
1787699721,btc,1813910400000,115000.0,put,44.5,0.4546964,0.449,0.4615,82096.7,0.0
1787699721,btc,1806048000000,45000.0,put,52.86,0.00949761,0.009,0.01,81070.52,262.7
1787699721,btc,1793347200000,95000.0,put,44.71,0.21332502,0.209,0.2165,79562.46,0.4
1787699721,btc,1787731200000,82000.0,put,61.66,0.03873448,0.0365,0.043,78953.75,0.0
1787699721,btc,1787731200000,86000.0,call,82.29,3.65e-06,,0.0001,78953.75,101.7
1787699721,btc,1798185600000,65000.0,put,44.82,0.02721193,0.0265,0.028,80191.76,845.8
1787699721,btc,1789113600000,90000.0,put,49.11,0.14364481,0.141,0.148,79083.0,0.0
1787699721,btc,1789113600000,75000.0,put,41.43,0.01427703,0.0135,0.015,79085.62,313.7
1787699721,btc,1788508800000,71000.0,call,47.04,0.10434715,0.1005,0.107,79047.22,931.4
1787699721,btc,1813910400000,130000.0,call,46.01,0.03600816,0.035,0.037,82099.24,737.8
1787699721,btc,1787904000000,63000.0,put,111.8,0.00015372,0.0001,0.0003,78995.07,1014.4
1787699721,btc,1789113600000,64000.0,put,54.91,0.0014152,0.0013,0.0016,79083.0,73.4
1787699721,btc,1787904000000,110000.0,put,90.91,0.39242785,0.389,0.397,78995.07,0.2
1787699721,btc,1798185600000,40000.0,call,63.86,0.50413849,0.5015,0.5065,80189.13,250.9
1787699721,btc,1798185600000,135000.0,put,52.49,0.69015871,0.6835,0.701,80189.13,0.7
1787699721,btc,1787990400000,81500.0,call,49.28,0.00740096,0.007,0.008,79008.96,91.3
1787699721,btc,1806048000000,105000.0,call,44.11,0.04823513,0.0475,0.049,81070.52,164.2
1787699721,btc,1806048000000,100000.0,put,43.63,0.2922745,0.288,0.2955,81072.98,12.1
1787699721,btc,1787904000000,58000.0,put,146.52,0.00013852,0.0001,0.0002,78995.07,1237.7
1787699721,btc,1787904000000,81000.0,put,47.33,0.03125869,0.03,0.0325,78995.07,8.1
1787699721,btc,1788508800000,71000.0,put,47.04,0.00247128,0.0023,0.0027,79047.22,98.6
1787699721,btc,1813910400000,130000.0,put,46.01,0.619389,0.613,0.628,82099.24,1.4
1787699721,btc,1798185600000,20000.0,put,96.2,0.00053206,0.0004,0.0007,80191.76,318.7
1787699721,btc,1793347200000,74000.0,call,41.4,0.10800596,0.107,0.109,79562.46,193.1
1787699721,btc,1789113600000,72000.0,put,43.07,0.00684182,0.0065,0.0075,79085.62,102.6
1787699721,btc,1787904000000,46000.0,put,172.73,1.23e-06,,0.0001,78995.07,1450.0
1787699721,btc,1813910400000,80000.0,call,43.15,0.16708129,0.1655,0.1685,82096.7,105.0
1787699721,btc,1787990400000,77000.0,call,45.84,0.03296471,0.0315,0.0335,79008.96,0.0
1787699721,btc,1806048000000,140000.0,call,49.16,0.01572566,0.015,0.0165,81070.52,791.6
1787699721,btc,1798185600000,62000.0,call,46.03,0.24737588,0.245,0.2505,80189.13,247.1
1787699721,btc,1787817600000,77000.0,put,44.25,0.00251192,0.0023,0.0028,78971.36,8.4
1787699721,btc,1813910400000,82000.0,call,43.07,0.15617236,0.1545,0.1575,82096.7,80.2
1787699721,btc,1793347200000,71000.0,put,42.06,0.02650306,0.026,0.027,79562.46,42.8
1787699721,btc,1787817600000,69000.0,call,93.73,0.12646042,0.124,0.129,78971.36,0.0
1787699721,btc,1813910400000,110000.0,call,44.06,0.06260151,0.0615,0.0635,82099.24,264.9
1787699721,btc,1790323200000,30000.0,call,118.39,0.6213602,0.6195,0.623,79199.89,134.0
1787699721,btc,1813910400000,85000.0,put,43.02,0.17645005,0.1755,0.1785,82096.7,6.8
1787699721,btc,1806048000000,108000.0,call,44.45,0.04300592,0.042,0.044,81072.98,65.8
1787699721,btc,1787731200000,74500.0,call,63.09,0.05646119,0.0535,0.059,78953.75,0.0
1787699721,btc,1813910400000,104000.0,call,43.67,0.07553754,0.074,0.0765,82096.7,8.6
1787699721,btc,1790323200000,170000.0,call,89.1,0.00015763,,0.0002,79202.43,395.1
1787699721,btc,1798185600000,60000.0,call,46.94,0.26870707,0.2665,0.2715,80189.13,797.9
1787699721,btc,1790323200000,190000.0,put,93.28,1.39897988,1.3915,1.4105,79202.43,0.0
1787699721,btc,1787904000000,73000.0,call,56.76,0.07668297,0.0755,0.078,78995.07,2035.0
1787699721,btc,1787817600000,73500.0,put,59.23,0.00030995,0.0002,0.0005,78973.94,15.1
1787699721,btc,1787990400000,80500.0,call,47.73,0.01054683,0.01,0.011,79008.96,27.4
1787699721,btc,1806048000000,55000.0,put,47.65,0.02166255,0.021,0.0225,81070.52,1256.2
1787699721,btc,1813910400000,150000.0,call,48.24,0.02287498,0.0215,0.024,82096.7,144.7
1787699721,btc,1790323200000,58000.0,call,57.61,0.26937132,0.267,0.2715,79199.89,460.7
1787699721,btc,1787817600000,70000.0,call,84.78,0.11379667,0.111,0.1165,78973.94,0.0
1787699721,btc,1787990400000,89000.0,call,63.84,0.00064394,0.0005,0.0007,79006.37,2.8
1787699721,btc,1793347200000,54000.0,call,54.29,0.32486344,0.3215,0.3275,79562.46,0.1
1787699721,btc,1787904000000,59000.0,put,139.11,0.00013838,0.0001,0.0002,78995.07,1102.1
1787699721,btc,1793347200000,91000.0,call,43.42,0.02657202,0.026,0.027,79562.46,11.3
1787699721,btc,1793347200000,82000.0,put,41.37,0.08717427,0.086,0.088,79562.46,37.1
1787699721,btc,1806048000000,106000.0,put,44.23,0.35383995,0.349,0.358,81070.52,0.1
1787699721,btc,1787904000000,105000.0,call,84.05,2.2e-07,,0.0001,78995.07,335.4
1787699721,btc,1790323200000,300000.0,put,136.29,2.78783182,2.7725,2.8075,79199.89,0.0
1787699721,btc,1787904000000,48000.0,call,172.67,0.39239963,0.3915,0.3935,78995.07,37.8
1787699721,btc,1798185600000,210000.0,put,67.2,1.61990098,1.6045,1.6375,80191.76,0.0
1787699721,btc,1793347200000,54000.0,put,54.29,0.00355382,0.0033,0.0039,79562.46,187.1
1787699721,btc,1790323200000,35000.0,put,102.96,0.00017582,0.0002,0.0005,79202.43,959.3
1787699721,btc,1789113600000,88000.0,put,47.37,0.12044434,0.1175,0.1235,79085.62,0.0
1787699721,btc,1787990400000,83000.0,put,51.82,0.05480006,0.0515,0.0585,79008.96,0.0
1787699721,btc,1790323200000,64000.0,put,49.01,0.00365277,0.0034,0.0039,79199.89,953.9
1787699721,btc,1790323200000,135000.0,put,71.75,0.7049172,0.7,0.713,79202.43,11.5
1787699721,btc,1787904000000,56000.0,put,161.65,0.00013878,0.0001,0.0004,78995.07,1337.9
1787699721,btc,1798185600000,80000.0,call,42.52,0.09867099,0.098,0.0995,80189.13,8831.4
1787699721,btc,1790323200000,81000.0,put,41.79,0.06078554,0.06,0.0615,79199.89,101.5
1787699721,btc,1798185600000,105000.0,put,45.34,0.33266523,0.3285,0.3375,80189.13,109.4
1787699721,btc,1790323200000,73000.0,put,41.66,0.017073,0.0165,0.0175,79199.89,298.4
1787699721,btc,1798185600000,200000.0,put,65.7,1.49545275,1.4835,1.5115,80191.76,0.0
1787699721,btc,1787731200000,78000.0,call,41.77,0.0133844,0.0125,0.015,78953.75,10.6
1787699721,btc,1793347200000,64000.0,put,45.34,0.01099227,0.011,0.0115,79562.46,623.6
1787699721,btc,1793347200000,75000.0,call,41.26,0.10007786,0.099,0.101,79562.46,1051.5
1787699721,btc,1806048000000,60000.0,call,45.91,0.29222145,0.289,0.2955,81070.52,649.0
1787699721,btc,1798185600000,170000.0,put,60.41,1.12258635,1.111,1.136,80189.13,0.1
1787699721,btc,1787904000000,63000.0,call,111.8,0.20267234,0.2015,0.204,78995.07,949.6
1787699721,btc,1787990400000,85000.0,call,55.92,0.00222627,0.002,0.0024,79006.37,7.7
1787699721,btc,1787990400000,84000.0,call,53.82,0.00308462,0.0028,0.0034,79008.96,11.1
1787699721,btc,1793347200000,85000.0,call,41.85,0.04382819,0.043,0.0445,79562.46,1780.9
1787699721,btc,1793347200000,66000.0,put,44.16,0.01413278,0.0135,0.0145,79562.46,135.3
1787699721,btc,1787904000000,76500.0,put,45.01,0.00366482,0.0035,0.0039,78995.07,146.5
1787699721,btc,1787731200000,74000.0,put,65.86,5.1e-06,,0.0001,78953.75,62.5
1787699721,btc,1798185600000,72000.0,call,43.02,0.1534262,0.1525,0.1545,80189.13,1271.9
1787699721,btc,1790323200000,78000.0,call,41.03,0.05480822,0.054,0.0555,79199.89,5405.7
1787699721,btc,1798185600000,40000.0,put,63.86,0.00291972,0.0026,0.0032,80189.13,4486.3
1787699721,btc,1787817600000,84000.0,put,56.7,0.06417909,0.0615,0.0685,78971.36,0.0
1787699721,btc,1798185600000,135000.0,call,52.49,0.00677206,0.006,0.0075,80189.13,1309.2
1787699721,btc,1787904000000,66000.0,put,92.22,0.00017259,0.0001,0.0003,78995.07,649.2
1787699721,btc,1798185600000,104000.0,put,45.1,0.32139862,0.3175,0.326,80189.13,0.1
1787699721,btc,1793347200000,76000.0,call,41.13,0.09253401,0.0915,0.0935,79562.46,197.2
1787699721,btc,1787731200000,87000.0,call,84.33,9.3e-07,,0.0001,78951.17,6.9
1787699721,btc,1813910400000,68000.0,put,44.29,0.07574307,0.0745,0.077,82096.7,13.2
1787699721,btc,1798185600000,85000.0,put,42.49,0.13317511,0.1315,0.134,80189.13,542.3
1787699721,btc,1798185600000,84000.0,put,42.45,0.12520297,0.124,0.126,80189.13,47.2
1787699721,btc,1787731200000,76500.0,put,51.73,0.0001629,0.0001,0.0004,78951.17,169.6
1787699721,btc,1793347200000,70000.0,call,42.39,0.14364277,0.1425,0.1445,79562.46,702.4
1787699721,btc,1793347200000,86000.0,call,42.09,0.0402961,0.0395,0.041,79562.46,380.2
1787699721,btc,1787990400000,87000.0,call,60.67,0.00125091,0.001,0.0015,79008.96,1.6
1787699721,btc,1790323200000,84000.0,put,42.83,0.08666858,0.0855,0.0875,79199.89,34.7
1787699721,btc,1787990400000,89000.0,put,63.84,0.12704771,0.1245,0.132,79006.37,0.0
1787699721,btc,1806048000000,180000.0,put,55.16,1.22701372,1.214,1.2505,81070.52,0.1
1787699721,btc,1813910400000,72000.0,call,43.8,0.21788857,0.216,0.219,82099.24,89.7
1787699721,btc,1788508800000,69000.0,put,50.99,0.00151626,0.0014,0.0018,79047.22,132.1
1787699721,btc,1787817600000,79500.0,put,44.77,0.01460716,0.0135,0.0155,78971.36,3.2
1787699721,btc,1813910400000,110000.0,put,44.06,0.40238529,0.3985,0.409,82096.7,0.5
1787699721,btc,1790323200000,150000.0,call,77.1,0.00018163,0.0001,0.0003,79202.43,738.1
1787699721,btc,1787817600000,80000.0,put,45.95,0.01894758,0.018,0.02,78971.36,2.1
1787699721,btc,1787731200000,77000.0,put,48.5,0.00032186,0.0002,0.0005,78951.17,261.4
1787699721,btc,1790323200000,165000.0,put,85.67,1.08342027,1.077,1.093,79199.89,0.0
1787699721,btc,1790323200000,60000.0,call,54.59,0.24458513,0.2415,0.247,79199.89,839.0
1787699721,btc,1790323200000,110000.0,put,58.39,0.39076412,0.387,0.3955,79199.89,215.6
1787699721,btc,1787904000000,66000.0,call,92.22,0.16471591,0.1635,0.166,78995.07,1252.5
1787699721,btc,1798185600000,130000.0,call,51.02,0.00781349,0.0075,0.008,80189.13,1548.9
1787699721,btc,1790323200000,240000.0,call,115.6,6.631e-05,,0.0001,79199.89,212.0
1787699721,btc,1806048000000,92000.0,call,43.02,0.08182592,0.0805,0.083,81070.52,276.7
1787699721,btc,1793347200000,87000.0,call,42.32,0.03703777,0.0365,0.0375,79562.46,25.6
1787699721,btc,1787904000000,76500.0,call,45.01,0.03529458,0.034,0.0365,78995.07,0.0
1787699721,btc,1813910400000,58000.0,put,46.24,0.04025768,0.0395,0.041,82099.24,91.9
1787699721,btc,1789113600000,68000.0,put,47.51,0.00272125,0.0027,0.0029,79085.62,511.8
1787699721,btc,1806048000000,96000.0,put,43.29,0.25337139,0.25,0.2565,81070.52,1.6
1787699721,btc,1788508800000,73000.0,call,44.26,0.08103278,0.0775,0.0835,79047.22,584.5
1787699721,btc,1793347200000,88000.0,call,42.57,0.03404835,0.0335,0.0345,79562.46,90.1
1787699721,btc,1787904000000,64000.0,put,104.77,0.00015347,0.0001,0.0003,78995.07,1133.1
1787699721,btc,1787817600000,73000.0,put,63.71,0.00030199,0.0002,0.0005,78971.36,23.2
1787699721,btc,1793347200000,62000.0,call,46.65,0.22930479,0.227,0.232,79562.46,13.5
1787699721,btc,1790323200000,115000.0,put,61.33,0.45331962,0.448,0.4595,79199.89,94.2
1787699721,btc,1813910400000,74000.0,call,43.65,0.20428023,0.202,0.2055,82096.7,20.5
1787699721,btc,1813910400000,68000.0,call,44.29,0.24751309,0.2455,0.2485,82096.7,11.2
1787699721,btc,1790323200000,75000.0,call,41.22,0.07743443,0.0765,0.0785,79199.89,3488.5
1787699721,btc,1787904000000,83000.0,put,51.78,0.05311885,0.0505,0.057,78995.07,1.1
1787699721,btc,1788508800000,76000.0,put,42.22,0.01150235,0.011,0.012,79047.22,108.0
1787699721,btc,1806048000000,65000.0,put,44.62,0.04702262,0.046,0.048,81070.52,645.7
1787699721,btc,1793347200000,57000.0,call,51.44,0.28859982,0.285,0.291,79562.46,0.1
1787699721,btc,1798185600000,210000.0,call,67.2,0.00129953,0.0011,0.0015,80189.13,163.0
1787699721,btc,1798185600000,92000.0,call,43.09,0.04824284,0.0475,0.049,80189.13,285.1
1787699721,btc,1790323200000,240000.0,put,115.6,2.03027713,2.0205,2.041,79199.89,0.0
1787699721,btc,1806048000000,90000.0,call,42.91,0.08896045,0.088,0.09,81070.52,475.2
1787699721,btc,1788508800000,78000.0,call,42.34,0.03405883,0.0335,0.035,79047.22,211.3
1787699721,btc,1790323200000,79000.0,put,41.21,0.04606113,0.0455,0.0465,79199.89,184.4
1787699721,btc,1787817600000,75000.0,put,51.92,0.00067522,0.0006,0.0009,78973.94,29.6
1787699721,btc,1790323200000,95000.0,put,48.7,0.20652671,0.203,0.21,79199.89,147.6
1787699721,btc,1798185600000,86000.0,call,42.5,0.06892849,0.068,0.0695,80189.13,304.7
1787699721,btc,1787990400000,78500.0,put,46.14,0.0145605,0.014,0.015,79008.96,11.2
1787699721,btc,1813910400000,90000.0,put,43.05,0.21554395,0.214,0.218,82096.7,0.5
1787699721,btc,1793347200000,68000.0,put,43.19,0.0182272,0.0175,0.019,79562.46,49.9
1787699721,btc,1806048000000,160000.0,put,52.38,0.9835211,0.976,0.991,81072.98,0.1
1787699721,btc,1787731200000,88000.0,call,84.33,1.5e-07,,0.0001,78953.75,5.1
1787699721,btc,1798185600000,74000.0,call,42.76,0.13790386,0.137,0.139,80191.76,145.5
1787699721,btc,1787904000000,81500.0,call,48.4,0.00475535,0.0046,0.0049,78992.48,91.5
1787699721,btc,1787904000000,77500.0,put,43.94,0.00648915,0.006,0.007,78995.07,44.1
1787699721,btc,1790323200000,58000.0,put,57.61,0.00167227,0.0015,0.0019,79199.89,1328.3
1787699721,btc,1798185600000,54000.0,call,50.53,0.33620134,0.333,0.339,80191.76,33.1
1787699721,btc,1798185600000,200000.0,call,65.7,0.00154661,0.0013,0.0018,80191.76,969.3
1787699721,btc,1790323200000,320000.0,call,140.15,5.592e-05,,0.0001,79199.89,304.6
1787699721,btc,1813910400000,72000.0,put,43.8,0.09483796,0.0935,0.096,82096.7,12.0
1787699721,btc,1789113600000,86000.0,put,45.84,0.09824044,0.096,0.102,79085.62,0.0
1787699721,btc,1798185600000,45000.0,call,58.44,0.44327872,0.4405,0.4455,80189.13,54.3
1787699721,btc,1813910400000,70000.0,call,44.03,0.23234054,0.23,0.2335,82099.24,194.7
1787699721,btc,1787990400000,75000.0,call,47.84,0.05364916,0.05,0.057,79006.37,0.0
1787699721,btc,1789113600000,64000.0,call,54.91,0.19220436,0.1895,0.1945,79085.62,0.0
1787699721,btc,1798185600000,68000.0,put,43.91,0.03597746,0.0355,0.0365,80189.13,555.8
1787699721,btc,1787731200000,74500.0,put,63.09,9.99e-06,,0.0001,78953.75,99.9
1787699721,btc,1806048000000,98000.0,put,43.45,0.27258249,0.2685,0.276,81070.52,0.2
1787699721,btc,1798185600000,115000.0,put,47.51,0.44834266,0.4435,0.4535,80189.13,5.0
1787699721,btc,1788508800000,81000.0,put,44.3,0.04262645,0.0415,0.0435,79047.22,55.5
1787699721,btc,1787904000000,100000.0,put,83.32,0.2658476,0.263,0.27,78995.07,0.5
1787699721,btc,1813910400000,78000.0,put,43.3,0.12883753,0.1275,0.1305,82099.24,104.6
1787699721,btc,1788508800000,88000.0,put,51.66,0.11717611,0.1145,0.12,79049.87,0.0
1787699721,btc,1793347200000,48000.0,put,61.89,0.00206718,0.0018,0.0024,79562.46,167.4
1787699721,btc,1788508800000,61000.0,put,71.59,0.00041267,0.0003,0.0005,79047.22,145.0
1787699721,btc,1790323200000,84000.0,call,42.83,0.02609479,0.0255,0.0265,79202.43,3424.8
1787699721,btc,1798185600000,102000.0,put,44.74,0.29927659,0.2955,0.3035,80189.13,7.8
1787699721,btc,1813910400000,120000.0,call,44.98,0.04688902,0.0455,0.048,82099.24,290.4
1787699721,btc,1790323200000,165000.0,call,85.67,0.00015033,0.0001,0.0002,79199.89,185.7
1787699721,btc,1787904000000,98000.0,put,80.93,0.24053551,0.237,0.244,78995.07,0.0
1787699721,btc,1790323200000,65000.0,put,47.84,0.00425923,0.0041,0.0045,79199.89,1592.6
1787699721,btc,1789113600000,74000.0,call,41.71,0.07548898,0.0745,0.0765,79085.62,14.4
1787699721,btc,1813910400000,106000.0,put,43.8,0.36199557,0.3565,0.3675,82099.24,0.0
1787699721,btc,1806048000000,170000.0,put,53.81,1.10504933,1.0925,1.129,81070.52,0.2
1787699721,btc,1787731200000,68000.0,put,92.5,0.0,,0.0001,78953.75,11.6
1787699721,btc,1790323200000,160000.0,put,82.53,1.02029149,1.014,1.027,79199.89,0.6
1787699721,btc,1787990400000,88000.0,put,62.7,0.11467825,0.112,0.118,79006.37,0.0
1787699721,btc,1790323200000,80000.0,put,41.44,0.05309309,0.0525,0.0535,79199.89,805.2
1787699721,btc,1793347200000,104000.0,put,47.97,0.31720942,0.3125,0.3215,79562.46,0.0
1787699721,btc,1793347200000,91000.0,put,43.42,0.170291,0.167,0.174,79562.46,0.0
1787699721,btc,1787904000000,78500.0,call,43.82,0.01740884,0.0165,0.018,78995.07,60.8
1787699721,btc,1790323200000,180000.0,call,89.18,7.357e-05,,0.0002,79199.89,782.3
1787699721,btc,1787817600000,79000.0,call,43.62,0.01047638,0.01,0.011,78971.36,117.4
1787699721,btc,1787990400000,76500.0,call,46.13,0.03771736,0.034,0.0405,79008.96,0.0
1787699721,btc,1806048000000,90000.0,put,42.91,0.19902262,0.1975,0.201,81072.98,14.1
1787699721,btc,1787731200000,82500.0,call,68.92,0.00018152,,0.0003,78951.17,71.1
1787699721,btc,1793347200000,80000.0,put,41.15,0.07234207,0.0715,0.0735,79562.46,146.2
1787699721,btc,1806048000000,54000.0,put,48.2,0.02014598,0.0195,0.021,81070.52,83.9
1787699721,btc,1787731200000,82000.0,call,61.66,0.00019754,0.0001,0.0003,78951.17,172.4
1787699721,btc,1787904000000,90000.0,call,67.36,0.00015505,0.0001,0.0002,78995.07,1512.7
1787699721,btc,1806048000000,60000.0,put,45.91,0.03226289,0.0315,0.033,81070.52,806.1
1787699721,btc,1798185600000,65000.0,call,44.82,0.21669244,0.2145,0.2195,80189.13,952.1
1787699721,btc,1793347200000,110000.0,put,50.33,0.3894852,0.3845,0.394,79562.46,0.0
1787699721,btc,1787817600000,75000.0,call,51.92,0.05099486,0.048,0.0535,78971.36,0.0
1787699721,btc,1787731200000,79000.0,call,43.49,0.00521804,0.0048,0.0055,78953.75,108.9
1787699721,btc,1787904000000,53000.0,call,165.05,0.32914382,0.328,0.33,78995.07,5.1
1787699721,btc,1798185600000,190000.0,call,64.02,0.00184185,0.0016,0.0019,80189.13,1026.3
1787699721,btc,1790323200000,105000.0,put,55.22,0.32853054,0.325,0.3345,79202.43,105.2
1787699721,btc,1798185600000,230000.0,put,69.91,1.86893228,1.8555,1.8865,80189.13,0.0
1787699721,btc,1790323200000,72000.0,call,41.97,0.10510366,0.1025,0.108,79199.89,3337.7
1787699721,btc,1787817600000,69000.0,put,93.73,0.00016635,0.0001,0.015,78971.36,71.4
1787699721,btc,1790323200000,130000.0,put,69.25,0.6419058,0.6365,0.65,79199.89,21.4
1787699721,btc,1790323200000,70000.0,put,43.13,0.00986274,0.0095,0.0105,79202.43,5213.3
1787699721,btc,1806048000000,150000.0,call,50.72,0.01234279,0.0115,0.013,81070.52,1899.3
1787699721,btc,1798185600000,45000.0,put,58.44,0.0044076,0.0041,0.0047,80189.13,2847.7
1787699721,btc,1793347200000,67000.0,put,43.59,0.01598997,0.0155,0.0165,79562.46,216.1
1787699721,btc,1787990400000,87000.0,put,60.67,0.10234223,0.0995,0.1055,79006.37,0.0
1787699721,btc,1787990400000,82000.0,call,50.06,0.00617796,0.0055,0.0065,79008.96,32.5
1787699721,btc,1813910400000,125000.0,call,45.47,0.04093159,0.04,0.042,82099.24,108.8
1787699721,btc,1788508800000,82000.0,call,45.25,0.01448753,0.014,0.015,79047.22,3319.5
1787699721,btc,1813910400000,60000.0,call,45.76,0.31526822,0.313,0.3165,82099.24,943.9
1787699721,btc,1787817600000,81000.0,call,48.38,0.00325734,0.003,0.0035,78971.36,41.5
1787699721,btc,1788508800000,72000.0,put,45.46,0.00327394,0.0031,0.0035,79047.22,363.5
1787699721,btc,1788508800000,68000.0,call,53.11,0.14103669,0.138,0.144,79047.22,917.2
1787699721,btc,1793347200000,59000.0,call,48.99,0.26440093,0.2615,0.267,79562.46,1.1
1787699721,btc,1813910400000,115000.0,call,44.5,0.05401335,0.053,0.055,82099.24,36.8
1787699721,btc,1790323200000,220000.0,call,107.36,6.522e-05,,0.0002,79202.43,242.0
1787699721,btc,1806048000000,106000.0,call,44.23,0.0464334,0.0455,0.0475,81070.52,78.5
1787699721,btc,1787731200000,75000.0,put,58.23,1.392e-05,,0.0001,78953.75,41.0
1787699721,btc,1793347200000,48000.0,call,61.89,0.39878684,0.396,0.401,79562.46,0.1
1787699721,btc,1787904000000,80000.0,call,45.29,0.00915992,0.009,0.0095,78992.48,1784.6
1787699721,btc,1789113600000,80000.0,put,42.17,0.0418619,0.041,0.0425,79083.0,55.0
1787699721,btc,1790323200000,100000.0,call,51.99,0.00434464,0.0041,0.0044,79199.89,7377.7
1787699721,btc,1806048000000,98000.0,call,43.45,0.06384812,0.0625,0.065,81070.52,82.8
1787699721,btc,1793347200000,88000.0,put,42.57,0.1400623,0.1375,0.143,79562.46,8.0
1787699721,btc,1788508800000,80000.0,call,43.41,0.02232463,0.022,0.023,79047.22,1012.6
1787699721,btc,1793347200000,102000.0,put,47.24,0.29356501,0.2895,0.298,79565.0,0.0
1787699721,btc,1787817600000,76000.0,put,47.56,0.00124414,0.0011,0.0015,78973.94,99.3
1787699721,btc,1789113600000,78000.0,call,41.44,0.04207254,0.0415,0.0425,79085.62,652.4
1787699721,btc,1790323200000,60000.0,put,54.59,0.00213783,0.002,0.0024,79202.43,4834.4
1787699721,btc,1798185600000,72000.0,put,43.02,0.05123241,0.0505,0.052,80191.76,342.9
1787699721,btc,1787817600000,78000.0,call,43.24,0.01778128,0.017,0.0185,78971.36,51.2
1787699721,btc,1806048000000,56000.0,call,47.34,0.33289354,0.3295,0.3365,81070.52,16.9
1787699721,btc,1787904000000,81500.0,put,48.4,0.03641777,0.035,0.0375,78995.07,0.5
1787699721,btc,1787904000000,62000.0,put,118.92,0.00015393,0.0001,0.0003,78995.07,1213.8
1787699721,btc,1813910400000,55000.0,call,47.1,0.36284897,0.3605,0.364,82099.24,2.9
1787699721,btc,1788508800000,63000.0,call,66.44,0.20363301,0.2,0.2055,79049.87,86.7
1787699721,btc,1787817600000,71000.0,call,75.86,0.10113275,0.0985,0.104,78971.36,0.0
1787699721,btc,1798185600000,56000.0,call,49.24,0.31325996,0.3105,0.3155,80189.13,41.5
1787699721,btc,1787904000000,75500.0,put,47.33,0.00213574,0.002,0.0024,78992.48,101.5
1787699721,btc,1788508800000,75000.0,put,42.57,0.00838115,0.008,0.009,79047.22,549.4
1787699721,btc,1790323200000,52000.0,put,68.2,0.00092184,0.0008,0.001,79202.43,1222.1
1787699721,btc,1806048000000,86000.0,put,42.78,0.16606216,0.1645,0.1675,81070.52,1.7
1787699721,btc,1806048000000,40000.0,put,55.89,0.00596896,0.006,0.0065,81070.52,1801.8
1787699721,btc,1806048000000,120000.0,call,46.07,0.02813958,0.027,0.029,81070.52,785.3
1787699721,btc,1787990400000,84000.0,put,53.82,0.06620727,0.063,0.0705,79006.37,0.0
1787699721,btc,1788508800000,58000.0,call,81.39,0.26664769,0.2635,0.2685,79047.22,0.0
1787699721,btc,1793347200000,80000.0,call,41.15,0.06687484,0.066,0.0675,79562.46,834.2
1787699721,btc,1813910400000,140000.0,call,47.1,0.02834978,0.027,0.0295,82096.7,317.0
1787699721,btc,1787817600000,82000.0,call,51.29,0.00179681,0.0016,0.002,78971.36,31.4
1787699721,btc,1793347200000,96000.0,put,45.08,0.22450106,0.2205,0.228,79562.46,0.0
1787699721,btc,1789113600000,77000.0,put,41.28,0.02279363,0.022,0.0235,79083.0,47.2
1787699721,btc,1790323200000,190000.0,call,93.28,6.298e-05,,0.0002,79202.43,772.8
1787699721,btc,1787990400000,82500.0,call,51.25,0.00525747,0.0049,0.0055,79006.37,11.9
1787699721,btc,1787817600000,82500.0,put,52.71,0.04598038,0.0435,0.0485,78973.94,0.0
1787699721,btc,1806048000000,56000.0,put,47.34,0.02359889,0.0225,0.0245,81070.52,121.4
1787699721,btc,1789113600000,84000.0,call,44.39,0.01527229,0.015,0.016,79085.62,467.5
1787699721,btc,1787731200000,70000.0,put,92.35,1.1e-07,,0.0001,78953.75,41.1
1787699721,btc,1813910400000,56000.0,call,46.81,0.35306015,0.3505,0.354,82099.24,3.0
1787699721,btc,1790323200000,64000.0,call,49.01,0.19559655,0.192,0.198,79199.89,684.4
1787699721,btc,1787904000000,40000.0,put,172.73,1e-08,,0.0001,78995.07,728.2
1787699721,btc,1813910400000,94000.0,call,43.15,0.10442858,0.103,0.1055,82096.7,3.9
1787699721,btc,1813910400000,200000.0,put,53.77,1.4462112,1.4225,1.4725,82099.24,0.0
1787699721,btc,1788508800000,53000.0,put,94.2,0.00015379,,0.0004,79049.87,125.6
1787699721,btc,1790323200000,220000.0,put,107.36,1.77775847,1.7695,1.7925,79202.43,1.8
1787699721,btc,1787731200000,74000.0,call,65.86,0.06278883,0.06,0.0655,78953.75,0.0
1787699721,btc,1798185600000,50000.0,call,53.88,0.38332374,0.38,0.3865,80189.13,260.8
1787699721,btc,1787904000000,78500.0,put,43.82,0.01109595,0.0105,0.0115,78995.07,70.8
1787699721,btc,1793347200000,45000.0,put,65.88,0.00156745,0.0013,0.0019,79562.46,109.0
1787699721,btc,1793347200000,69000.0,call,42.79,0.15347815,0.151,0.1565,79562.46,126.1
1787699721,btc,1787731200000,83000.0,put,72.46,0.05132325,0.049,0.0555,78951.17,0.0
1787699721,btc,1813910400000,84000.0,call,43.06,0.14610007,0.1445,0.1475,82096.7,12.7
1787699721,btc,1790323200000,40000.0,put,93.87,0.00035609,0.0002,0.0005,79199.89,2612.3
1787699721,btc,1790323200000,280000.0,put,129.87,2.53531312,2.521,2.548,79199.89,0.0
1787699721,btc,1793347200000,69000.0,put,42.79,0.02069363,0.02,0.0215,79562.46,174.0
1787699721,btc,1793347200000,62000.0,put,46.65,0.00854189,0.008,0.009,79562.46,1109.5
1787699721,btc,1787990400000,81000.0,call,48.53,0.00885572,0.0085,0.0095,79008.96,92.6
1787699721,btc,1787990400000,78000.0,call,45.84,0.02459343,0.0235,0.0255,79008.96,0.0
1787699721,btc,1813910400000,88000.0,put,43.03,0.19949681,0.198,0.202,82099.24,4.7
1787699721,btc,1788508800000,83000.0,put,45.91,0.0613837,0.0595,0.064,79047.22,0.0
1787699721,btc,1793347200000,40000.0,call,73.02,0.49825191,0.496,0.5005,79562.46,0.1
1787699721,btc,1793347200000,86000.0,put,42.09,0.12117337,0.12,0.1225,79562.46,13.6
1787699721,btc,1787817600000,72000.0,put,68.68,0.00019501,0.0001,0.0004,78971.36,43.2
1787699721,btc,1806048000000,82000.0,put,42.62,0.1356246,0.1345,0.1375,81070.52,4.2
1787699721,btc,1798185600000,64000.0,call,45.17,0.22668329,0.2245,0.2295,80189.13,405.2
1787699721,btc,1806048000000,95000.0,put,43.22,0.24396505,0.241,0.247,81072.98,0.4
1787699721,btc,1798185600000,95000.0,call,43.49,0.0404712,0.0395,0.041,80189.13,1439.1
1787699721,btc,1789113600000,82000.0,call,43.09,0.02152297,0.021,0.022,79083.0,502.5
1787699721,btc,1790323200000,95000.0,call,48.7,0.00706826,0.0065,0.0075,79199.89,3789.8
1787699721,btc,1789113600000,74000.0,put,41.71,0.01113901,0.0105,0.0115,79083.0,122.6
1787699721,btc,1790323200000,35000.0,call,102.96,0.55827007,0.5565,0.56,79199.89,29.3
1787699721,btc,1798185600000,240000.0,put,70.45,1.99342367,1.979,2.022,80189.13,0.0
1787699721,btc,1787904000000,86000.0,put,57.76,0.08927255,0.0865,0.0935,78995.07,0.0
1787699721,btc,1813910400000,105000.0,call,43.76,0.07328551,0.072,0.0745,82096.7,150.1
1787699721,btc,1798185600000,86000.0,put,42.5,0.14130813,0.14,0.1425,80189.13,26.4
1787699721,btc,1787904000000,79000.0,call,44.02,0.01412726,0.0135,0.0145,78995.07,1075.4
1787699721,btc,1790323200000,200000.0,call,98.24,6.384e-05,,0.0002,79199.89,1027.0
1787699721,btc,1787904000000,78000.0,put,43.6,0.00849466,0.008,0.009,78995.07,334.1
1787699721,btc,1788508800000,53000.0,call,94.2,0.3297231,0.3275,0.332,79047.22,0.0
1787699721,btc,1806048000000,150000.0,put,50.72,0.86244641,0.855,0.8695,81072.98,0.6
1787699721,btc,1787817600000,85000.0,put,59.97,0.07662261,0.0735,0.081,78971.36,0.0
1787699721,btc,1790323200000,45000.0,put,82.92,0.00054319,0.0004,0.0006,79199.89,2188.4
1787699721,btc,1798185600000,20000.0,call,96.2,0.75114144,0.7495,0.7525,80189.13,2.9
1787699721,btc,1806048000000,110000.0,call,44.61,0.03969328,0.039,0.04,81070.52,1120.3
1787699721,btc,1790323200000,145000.0,call,75.36,0.0002365,0.0002,0.0003,79202.43,476.9
1787699721,btc,1806048000000,125000.0,call,46.8,0.02396985,0.0235,0.025,81070.52,293.5
1787699721,btc,1789113600000,83000.0,call,43.63,0.018066,0.0175,0.0185,79085.62,270.1
1787699721,btc,1798185600000,150000.0,put,56.23,0.87490035,0.8675,0.888,80191.76,2.9
1787699721,btc,1813910400000,120000.0,put,44.98,0.50847133,0.5025,0.517,82099.24,0.1
1787699721,btc,1793347200000,87000.0,put,42.32,0.13048338,0.128,0.133,79565.0,10.2
1787699721,btc,1793347200000,63000.0,put,46.17,0.00982911,0.009,0.0105,79562.46,490.7
1787699721,btc,1790323200000,160000.0,call,82.53,0.00015094,0.0001,0.0002,79199.89,1438.3
1787699721,btc,1789113600000,60000.0,put,62.53,0.00077282,0.0006,0.001,79085.62,63.7
1787699721,btc,1813910400000,64000.0,put,44.92,0.05949254,0.0585,0.0605,82096.7,61.7
1787699721,btc,1813910400000,95000.0,call,43.16,0.10094152,0.0995,0.102,82099.24,35.1
1787699721,btc,1813910400000,65000.0,call,44.74,0.27157834,0.2695,0.273,82099.24,1.0
1787699721,btc,1787990400000,80500.0,put,47.73,0.0293727,0.0285,0.0305,79008.96,0.0
1787699721,btc,1798185600000,98000.0,call,43.99,0.03411514,0.0335,0.035,80191.76,268.0
1787699721,btc,1793347200000,79000.0,put,41.11,0.06556978,0.0645,0.0665,79562.46,35.6
1787699721,btc,1788508800000,65000.0,put,59.95,0.00066713,0.0006,0.0008,79047.22,390.5
1787699721,btc,1793347200000,98000.0,call,45.82,0.01547241,0.015,0.016,79562.46,155.4
1787699721,btc,1787731200000,85000.0,put,74.08,0.07653761,0.074,0.0795,78951.17,0.0
1787699721,btc,1798185600000,108000.0,put,45.93,0.36670246,0.3625,0.372,80191.76,0.1
1787699721,btc,1813910400000,74000.0,put,43.65,0.10558932,0.104,0.107,82096.7,10.9
1787699721,btc,1787904000000,94000.0,put,75.99,0.18993681,0.1865,0.193,78992.48,0.0
1787699721,btc,1790323200000,86000.0,call,43.74,0.02031317,0.0195,0.021,79202.43,1279.7
1787699721,btc,1798185600000,115000.0,call,47.51,0.01434663,0.014,0.015,80189.13,2277.5
1787699721,btc,1788508800000,64000.0,put,63.37,0.00062219,0.0005,0.0008,79047.22,259.9
1787699721,btc,1806048000000,140000.0,put,49.16,0.74248904,0.736,0.7485,81070.52,0.1
1787699721,btc,1787731200000,76500.0,call,51.73,0.03128393,0.03,0.033,78951.17,5.0
1787699721,btc,1798185600000,80000.0,put,42.52,0.09623345,0.095,0.097,80189.13,1109.9
1787699721,btc,1790323200000,56000.0,put,60.8,0.00132805,0.0012,0.0015,79199.89,1493.6
1787699721,btc,1787904000000,50000.0,put,165.65,8.14e-06,,0.0001,78995.07,2163.2
1787699721,btc,1789113600000,69000.0,put,46.12,0.00336029,0.0033,0.0036,79083.0,63.0
1787699721,btc,1806048000000,70000.0,put,43.64,0.06651084,0.0655,0.0675,81072.98,503.8
1787699721,btc,1813910400000,86000.0,call,43.03,0.13655639,0.135,0.138,82099.24,8.1
1787699721,btc,1787817600000,82000.0,put,51.29,0.04011401,0.038,0.044,78971.36,0.0
1787699721,btc,1787990400000,70000.0,call,62.46,0.11451897,0.1115,0.117,79008.96,0.0
1787699721,btc,1806048000000,64000.0,call,44.84,0.25429936,0.251,0.257,81070.52,143.9
1787699721,btc,1788508800000,60000.0,put,74.02,0.00034991,0.0002,0.0006,79047.22,1044.1
1787699721,btc,1798185600000,82000.0,put,42.41,0.11006761,0.1085,0.111,80191.76,174.7
1787699721,btc,1787904000000,78000.0,call,43.6,0.02113677,0.0205,0.022,78995.07,1821.8
1787699721,btc,1788508800000,61000.0,call,71.59,0.22878489,0.2265,0.2315,79047.22,5.5
1787699721,btc,1798185600000,90000.0,put,42.85,0.17654596,0.174,0.179,80191.76,630.7
1787699721,btc,1787904000000,92000.0,call,71.39,7.693e-05,,0.0002,78995.07,605.3
1787699721,btc,1806048000000,50000.0,call,50.09,0.39781927,0.3945,0.4005,81070.52,20.6
1787699721,btc,1787904000000,79000.0,put,44.02,0.01414359,0.0135,0.015,78995.07,147.2
1787699721,btc,1793347200000,74000.0,put,41.4,0.03806314,0.0375,0.0385,79562.46,171.5
1787699721,btc,1813910400000,140000.0,put,47.1,0.73352914,0.727,0.7425,82096.7,0.5
1787699721,btc,1798185600000,180000.0,put,62.26,1.24675042,1.2335,1.2615,80191.76,0.1
1787699721,btc,1790323200000,83000.0,call,42.46,0.02963199,0.029,0.03,79199.89,208.4
1787699721,btc,1787904000000,88000.0,put,61.05,0.11419849,0.111,0.1175,78995.07,0.0
1787699721,btc,1787904000000,96000.0,put,80.62,0.21523669,0.2125,0.22,78995.07,0.1
1787699721,btc,1787904000000,86000.0,call,57.76,0.00064718,0.0005,0.0008,78995.07,469.4
1787699721,btc,1813910400000,76000.0,call,43.47,0.19123339,0.189,0.1925,82099.24,22.4
1787699721,btc,1798185600000,35000.0,put,70.53,0.00202231,0.0018,0.0024,80189.13,2388.6
1787699721,btc,1790323200000,150000.0,put,77.1,0.8940634,0.8885,0.903,79199.89,4.5
1787699721,btc,1789113600000,83000.0,put,43.63,0.06751131,0.0665,0.0685,79085.62,0.0
1787699721,btc,1787904000000,57000.0,call,154.03,0.27860789,0.2775,0.2795,78995.07,28.5
1787699721,btc,1793347200000,61000.0,call,47.51,0.24096006,0.2385,0.2435,79562.46,7.7
1787699721,btc,1787731200000,68000.0,call,92.5,0.13877425,0.136,0.1415,78953.75,0.0
1787699721,btc,1806048000000,50000.0,put,50.09,0.01452047,0.014,0.015,81070.52,2352.4
1787699721,btc,1793347200000,92000.0,put,43.73,0.18079116,0.177,0.1845,79562.46,0.0
1787699721,btc,1806048000000,190000.0,call,56.52,0.00587347,0.0055,0.0065,81070.52,592.2
1787699721,btc,1788508800000,70000.0,call,48.72,0.11640544,0.1135,0.119,79047.22,765.3
1787699721,btc,1798185600000,110000.0,call,46.42,0.01818394,0.0175,0.0185,80189.13,2746.6
1787699721,btc,1787904000000,48000.0,put,172.67,4.49e-06,,0.0001,78995.07,1239.9
1787699721,btc,1787817600000,86000.0,call,62.99,0.0001893,0.0001,0.0003,78973.94,59.6
1787699721,btc,1813910400000,190000.0,put,52.78,1.32593864,1.3175,1.3385,82096.7,0.0
1787699721,btc,1787990400000,83000.0,call,51.82,0.00433363,0.004,0.0047,79006.37,216.1
1787699721,btc,1790323200000,88000.0,put,44.73,0.12693426,0.124,0.13,79202.43,5.7
1787699721,btc,1787731200000,80500.0,call,51.48,0.0009422,0.0008,0.0011,78951.17,28.6
1787699721,btc,1813910400000,102000.0,put,43.53,0.32278606,0.3195,0.328,82099.24,0.0
1787699721,btc,1787817600000,80000.0,call,45.95,0.00595519,0.0055,0.0065,78971.36,50.7
1787699721,btc,1788508800000,62000.0,call,69.91,0.21624977,0.2135,0.2185,79047.22,2.4
1787699721,btc,1787817600000,79000.0,put,43.62,0.01080636,0.01,0.0115,78971.36,8.8
1787699721,btc,1806048000000,76000.0,put,42.83,0.09681911,0.096,0.0975,81070.52,61.6
1787699721,btc,1793347200000,98000.0,put,45.82,0.24716976,0.243,0.251,79562.46,0.0
1787699721,btc,1790323200000,76000.0,call,41.09,0.06929401,0.0685,0.07,79202.43,2906.6
1787699721,btc,1793347200000,64000.0,call,45.34,0.20661849,0.204,0.2095,79565.0,422.7
1787699721,btc,1790323200000,110000.0,call,58.39,0.00191749,0.0017,0.002,79199.89,1349.7
1787699721,btc,1798185600000,82000.0,call,42.41,0.08756609,0.0865,0.0885,80191.76,1239.2
1787699721,btc,1788508800000,88000.0,call,51.66,0.00400817,0.0038,0.0043,79047.22,59.8
1787699721,btc,1788508800000,77000.0,call,42.02,0.04148553,0.041,0.0425,79047.22,95.7
1787699721,btc,1813910400000,108000.0,put,43.92,0.38201459,0.3765,0.3885,82096.7,0.0
1787699721,btc,1790323200000,55000.0,put,62.68,0.00121814,0.0011,0.0014,79199.89,3098.4
1787699721,btc,1798185600000,130000.0,put,51.02,0.62885249,0.6235,0.6345,80189.13,54.0
1787699721,btc,1798185600000,106000.0,call,45.55,0.02218958,0.0215,0.023,80191.76,692.9
1787699721,btc,1798185600000,30000.0,call,77.3,0.62719759,0.6255,0.629,80189.13,300.6
1787699721,btc,1798185600000,180000.0,call,62.26,0.00223489,0.0019,0.0025,80189.13,935.6
1787699721,btc,1790323200000,74000.0,put,41.4,0.02044998,0.02,0.021,79202.43,359.4
1787699721,btc,1798185600000,106000.0,put,45.55,0.34395983,0.34,0.349,80191.76,0.2
1787699721,btc,1793347200000,94000.0,call,44.39,0.02092437,0.0205,0.0215,79562.46,253.4
1787699721,btc,1787904000000,84000.0,put,53.78,0.06488089,0.063,0.0665,78995.07,8.5
1787699721,btc,1806048000000,88000.0,put,42.84,0.18222712,0.1805,0.184,81072.98,4.7
1787699721,btc,1793347200000,57000.0,put,51.44,0.00499522,0.0046,0.0055,79562.46,204.9
1787699721,btc,1788508800000,73000.0,put,44.26,0.00445618,0.0043,0.0047,79047.22,49.7
1787699721,btc,1798185600000,62000.0,put,46.03,0.02048678,0.02,0.021,80189.13,1569.0
1787699721,btc,1790323200000,45000.0,call,82.92,0.43237866,0.43,0.4345,79199.89,224.9
1787699721,btc,1813910400000,96000.0,call,43.25,0.09783821,0.0965,0.099,82096.7,14.1
1787699721,btc,1789113600000,72000.0,call,43.07,0.09647963,0.0935,0.0985,79085.62,148.0
1787699721,btc,1806048000000,200000.0,call,58.06,0.0052195,0.0046,0.006,81070.52,485.4
1787699721,btc,1787990400000,70000.0,put,62.46,0.00045451,0.0003,0.0006,79008.96,20.7
1787699721,btc,1787990400000,82500.0,put,51.25,0.04939579,0.0465,0.0535,79006.37,0.0
1787699721,btc,1793347200000,60000.0,put,48.58,0.0069228,0.0065,0.0075,79562.46,1410.5
1787699721,btc,1787990400000,79500.0,put,46.81,0.02123646,0.0205,0.022,79006.37,65.0
1787699721,btc,1793347200000,52000.0,put,56.63,0.00292965,0.0026,0.0033,79562.46,101.2
1787699721,btc,1798185600000,140000.0,put,53.9,0.75165219,0.7435,0.7635,80189.13,0.3
1787699721,btc,1790323200000,125000.0,put,66.96,0.57897055,0.5745,0.586,79199.89,21.8
1787699721,btc,1787817600000,67000.0,put,95.98,4.089e-05,,0.015,78971.36,10.7
1787699721,btc,1787904000000,92000.0,put,71.39,0.16465291,0.162,0.1675,78995.07,0.5
1787699721,btc,1789113600000,65000.0,call,52.57,0.17972517,0.177,0.182,79085.62,0.0
1787699721,btc,1787817600000,77500.0,call,43.43,0.02236271,0.0215,0.0235,78973.94,17.5
1787699721,btc,1813910400000,55000.0,put,47.1,0.03274086,0.032,0.0335,82099.24,36.0
1787699721,btc,1788508800000,72000.0,call,45.46,0.09250016,0.089,0.095,79049.87,613.1
1787699721,btc,1806048000000,102000.0,put,43.82,0.31240186,0.3085,0.316,81070.52,0.1
1787699721,btc,1787904000000,75000.0,put,48.65,0.00164075,0.0015,0.0018,78995.07,1037.5
1787699721,btc,1787731200000,81000.0,put,54.43,0.02640029,0.025,0.028,78953.75,15.0
1787699721,btc,1813910400000,104000.0,put,43.67,0.3422422,0.3385,0.3475,82096.7,0.0
1787699721,btc,1788508800000,64000.0,call,63.37,0.19104465,0.1885,0.193,79047.22,265.0
1787699721,btc,1806048000000,96000.0,call,43.29,0.06930508,0.068,0.0705,81070.52,149.7
1787699721,btc,1793347200000,60000.0,call,48.58,0.25282238,0.2485,0.2555,79562.46,14.5
1787699721,btc,1790323200000,98000.0,put,50.79,0.24262892,0.239,0.247,79199.89,0.1
1787699721,btc,1813910400000,98000.0,put,43.31,0.28516292,0.283,0.2885,82096.7,0.0
1787699721,btc,1787731200000,72000.0,put,80.3,8.2e-07,,0.0001,78951.17,111.9
1787699721,btc,1790323200000,40000.0,call,93.87,0.49532095,0.493,0.497,79199.89,34.4
1787699721,btc,1787904000000,77000.0,call,44.71,0.03027228,0.029,0.031,78995.07,674.5
1787699721,btc,1793347200000,76000.0,put,41.13,0.04772788,0.047,0.0485,79565.0,38.6
1787699721,btc,1813910400000,100000.0,put,43.44,0.30384779,0.3015,0.307,82099.24,1.0
1787699721,btc,1790323200000,155000.0,call,80.5,0.00018007,0.0001,0.0002,79202.43,351.8
1787699721,btc,1793347200000,45000.0,call,65.88,0.43599213,0.4335,0.438,79562.46,0.1
1787699721,btc,1787817600000,82500.0,call,52.71,0.00133198,0.0011,0.0015,78971.36,2.2
1787699721,btc,1793347200000,66000.0,call,44.16,0.18462232,0.182,0.1875,79562.46,90.2
1787699721,btc,1787904000000,82000.0,put,49.45,0.04179593,0.0395,0.0455,78995.07,2.5
1787699721,btc,1798185600000,70000.0,put,43.45,0.04311694,0.0425,0.044,80189.13,1245.2
1787699721,btc,1793347200000,58000.0,call,50.19,0.27647031,0.2725,0.279,79562.46,0.0
1787699721,btc,1790323200000,68000.0,put,44.63,0.00689448,0.0065,0.0075,79199.89,2008.2
1787699721,btc,1793347200000,90000.0,call,43.13,0.02884619,0.028,0.0295,79562.46,1017.9
1787699721,btc,1787731200000,88000.0,put,84.33,0.1145276,0.112,0.119,78953.75,0.0
1787699721,btc,1798185600000,125000.0,call,50.0,0.00956042,0.009,0.01,80189.13,599.2
1787699721,btc,1806048000000,95000.0,call,43.22,0.07223276,0.071,0.0735,81072.98,499.4
1787699721,btc,1813910400000,40000.0,put,53.89,0.01067484,0.01,0.011,82099.24,1204.0
1787699721,btc,1793347200000,56000.0,call,52.14,0.30053849,0.2965,0.303,79562.46,0.0
1787699721,btc,1798185600000,70000.0,call,43.45,0.17024979,0.1695,0.1715,80189.13,1947.2
1787699721,btc,1798185600000,30000.0,put,77.3,0.00128351,0.001,0.0015,80191.76,2135.7
1787699721,btc,1790323200000,140000.0,call,73.01,0.00029072,0.0002,0.0005,79199.89,1216.5
1787699721,btc,1793347200000,94000.0,put,44.39,0.20234836,0.1985,0.206,79562.46,0.0
1787699721,btc,1813910400000,95000.0,put,43.16,0.25802751,0.256,0.2615,82099.24,20.2
1787699721,btc,1798185600000,100000.0,call,44.3,0.03043327,0.0295,0.031,80191.76,6115.7
1787699721,btc,1793347200000,70000.0,put,42.39,0.02342659,0.023,0.024,79565.0,338.2
1787699721,btc,1813910400000,82000.0,put,43.07,0.15492027,0.154,0.157,82099.24,21.9
1787699721,btc,1790323200000,180000.0,put,89.18,1.27273168,1.266,1.284,79199.89,10.5
1787699721,btc,1813910400000,200000.0,call,53.77,0.01024069,0.01,0.0105,82096.7,2.7
1787699721,btc,1787817600000,78000.0,put,43.24,0.00544885,0.005,0.006,78971.36,33.4
1787699721,btc,1806048000000,62000.0,put,45.35,0.03762392,0.0365,0.0385,81070.52,297.3
1787699721,btc,1787817600000,72000.0,call,68.68,0.08850186,0.0855,0.0915,78971.36,0.0
1787699721,btc,1790323200000,102000.0,put,53.34,0.29148285,0.288,0.296,79199.89,0.4
1787699721,btc,1793347200000,68000.0,call,43.19,0.16358006,0.161,0.1665,79562.46,51.1
1787699721,btc,1788508800000,70000.0,put,48.72,0.00187994,0.0018,0.0021,79047.22,611.9
1787699721,btc,1787904000000,59000.0,call,139.11,0.25329074,0.252,0.2545,78995.07,213.0
1787699721,btc,1788508800000,75000.0,call,42.57,0.05965847,0.059,0.061,79049.87,556.8
1787699721,btc,1788508800000,85000.0,put,48.01,0.08260905,0.08,0.0865,79047.22,60.1
1787699721,btc,1787817600000,87000.0,call,63.23,8.039e-05,,0.0003,78971.36,9.7
1787699721,btc,1787990400000,71000.0,put,59.65,0.00065314,0.0005,0.0009,79008.96,36.4
1787699721,btc,1787904000000,80500.0,call,46.57,0.00745634,0.007,0.008,78992.48,31.9
1787699721,btc,1793347200000,100000.0,call,46.56,0.01339747,0.013,0.014,79562.46,1334.5
1787699721,btc,1789113600000,76000.0,call,41.23,0.05715916,0.056,0.058,79085.62,112.8
1787699721,btc,1787990400000,76500.0,put,46.13,0.00591835,0.0055,0.0065,79008.96,1.0
1787699721,btc,1798185600000,105000.0,call,45.34,0.0233645,0.0225,0.024,80189.13,905.3
1787699721,btc,1787904000000,82500.0,put,50.61,0.04738311,0.045,0.051,78995.07,0.0
1787699721,btc,1787817600000,86000.0,put,62.99,0.08915612,0.0865,0.0935,78971.36,0.0
1787699721,btc,1798185600000,52000.0,call,51.97,0.35951504,0.356,0.363,80189.13,0.1
1787699721,btc,1790323200000,145000.0,put,75.36,0.83098887,0.8255,0.8395,79202.43,0.2
1787699721,btc,1793347200000,81000.0,call,41.26,0.06154607,0.061,0.062,79562.46,86.7
1787699721,btc,1793347200000,55000.0,call,53.17,0.31266822,0.309,0.315,79562.46,0.1
1787699721,btc,1798185600000,94000.0,put,43.32,0.21497676,0.212,0.219,80189.13,5.3
1787699721,btc,1788508800000,68000.0,put,53.11,0.00121192,0.0011,0.0014,79049.87,215.6
1787699721,btc,1813910400000,66000.0,call,44.58,0.26337616,0.2615,0.2645,82096.7,26.1
1787699721,btc,1788508800000,90000.0,put,54.29,0.14123839,0.1385,0.1455,79047.22,7.4
1787699721,btc,1787731200000,77500.0,call,44.12,0.01903839,0.0155,0.0215,78951.17,3.3
1787699721,btc,1787904000000,75000.0,call,48.65,0.05225815,0.051,0.054,78995.07,2871.1
1787699721,btc,1813910400000,66000.0,put,44.58,0.06724643,0.066,0.0685,82096.7,32.3
1787699721,btc,1787817600000,88000.0,put,65.75,0.11433779,0.111,0.1175,78971.36,0.0
1787699721,btc,1798185600000,94000.0,call,43.32,0.04284088,0.042,0.0435,80189.13,167.0
1787699721,btc,1787904000000,72000.0,call,61.85,0.08916996,0.088,0.0905,78995.07,2895.8
1787699721,btc,1790323200000,56000.0,call,60.8,0.29427885,0.292,0.2965,79199.89,13.4
1787699721,btc,1790323200000,62000.0,call,51.55,0.21992499,0.2165,0.2225,79202.43,597.4
1787699721,btc,1793347200000,105000.0,call,48.5,0.00957646,0.009,0.01,79562.46,293.7
1787699721,btc,1793347200000,55000.0,put,53.17,0.00392694,0.0036,0.0043,79562.46,306.7
1787699721,btc,1787817600000,83000.0,call,54.24,0.00099791,0.0008,0.0011,78971.36,102.2
1787699721,btc,1788508800000,74000.0,put,43.3,0.00611431,0.0055,0.0065,79047.22,112.5
1787699721,btc,1813910400000,160000.0,put,49.52,0.96784052,0.959,0.9785,82096.7,0.1
1787699721,btc,1790323200000,70000.0,call,43.13,0.12605125,0.1235,0.129,79199.89,11034.6
1787699721,btc,1787990400000,77000.0,put,45.84,0.00749381,0.007,0.008,79006.37,6.5
1787699721,btc,1790323200000,260000.0,put,123.09,2.28279554,2.2715,2.2985,79199.89,0.0
1787699721,btc,1788508800000,74000.0,call,43.3,0.07004127,0.067,0.0725,79049.87,811.7
1787699721,btc,1787904000000,77000.0,put,44.71,0.00497174,0.0046,0.0055,78995.07,335.1
1787699721,btc,1806048000000,85000.0,call,42.76,0.10984895,0.1085,0.111,81070.52,328.2
1787699721,btc,1787817600000,70000.0,put,84.78,0.00016501,0.0001,0.0003,78971.36,95.6
1787699721,btc,1813910400000,102000.0,call,43.53,0.08044109,0.079,0.0815,82099.24,8.1
1787699721,btc,1798185600000,110000.0,put,46.42,0.38983232,0.3855,0.395,80191.76,54.2
1787699721,btc,1787904000000,67000.0,put,85.52,0.00017585,0.0002,0.0003,78995.07,852.8
1787699721,btc,1806048000000,52000.0,put,49.12,0.01714177,0.0165,0.018,81070.52,125.8
1787699721,btc,1787731200000,78500.0,put,41.56,0.00283239,0.0025,0.0032,78951.17,74.4
1787699721,btc,1793347200000,89000.0,call,42.85,0.03133522,0.031,0.032,79562.46,10.0
1787699721,btc,1793347200000,61000.0,put,47.51,0.00762882,0.007,0.008,79562.46,301.6
1787699721,btc,1788508800000,79000.0,call,42.75,0.02764184,0.027,0.0285,79047.22,141.7
1787699721,btc,1813910400000,60000.0,put,45.76,0.04605937,0.045,0.047,82096.7,196.5
1787699721,btc,1798185600000,125000.0,put,50.0,0.56825176,0.563,0.574,80189.13,9.1
1787699721,btc,1789113600000,71000.0,call,43.93,0.10764362,0.1045,0.1095,79083.0,2.1
1787699721,btc,1789113600000,80000.0,call,42.17,0.03034834,0.03,0.031,79085.62,446.3
1787699721,btc,1787731200000,87000.0,put,84.33,0.10186329,0.099,0.105,78953.75,0.0
1787699721,btc,1806048000000,110000.0,put,44.61,0.39643593,0.391,0.401,81070.52,4.5
1787699721,btc,1806048000000,52000.0,call,49.12,0.37577252,0.372,0.378,81070.52,5.3
1787699721,btc,1790323200000,90000.0,put,45.79,0.14878189,0.1455,0.152,79199.89,578.2
1787699721,btc,1787990400000,82000.0,put,50.06,0.04398817,0.0415,0.048,79006.37,0.0
1787699721,btc,1813910400000,50000.0,put,48.99,0.02305031,0.0225,0.0235,82099.24,326.6
1787699721,btc,1790323200000,320000.0,put,140.15,3.04033702,3.0235,3.064,79199.89,25.1
1787699721,btc,1793347200000,105000.0,put,48.5,0.3292522,0.3245,0.3335,79562.46,0.0
1787699721,btc,1806048000000,68000.0,call,44.0,0.21940238,0.218,0.2205,81070.52,196.7
1787699721,btc,1787817600000,68000.0,put,94.02,7.741e-05,,0.015,78971.36,52.0
1787699721,btc,1798185600000,52000.0,put,51.97,0.00793064,0.0075,0.0085,80189.13,541.1
1787699721,btc,1790323200000,94000.0,call,48.26,0.00797359,0.0075,0.0085,79199.89,341.4
1787699721,btc,1793347200000,83000.0,put,41.51,0.09513171,0.094,0.096,79562.46,0.0
1787699721,btc,1787731200000,84000.0,call,72.56,2.511e-05,,0.0002,78953.75,164.0
1787699721,btc,1798185600000,96000.0,call,43.69,0.03828036,0.0375,0.039,80189.13,1401.2
1787699721,btc,1789113600000,70000.0,call,44.84,0.11911362,0.116,0.1215,79085.62,285.5
1787699721,btc,1813910400000,170000.0,call,50.6,0.01593624,0.015,0.017,82096.7,69.6
1787699721,btc,1787904000000,83000.0,call,51.78,0.00246878,0.0023,0.0026,78995.07,712.8
1787699721,btc,1798185600000,68000.0,call,43.91,0.18804937,0.187,0.1895,80189.13,1033.7
1787699721,btc,1813910400000,40000.0,call,53.89,0.52348074,0.5185,0.526,82096.7,17.0
1787699721,btc,1787904000000,74000.0,call,52.63,0.06436388,0.063,0.066,78995.07,2462.4
1787699721,btc,1787817600000,74000.0,call,57.59,0.0634133,0.0605,0.066,78971.36,0.0
1787699721,btc,1790323200000,94000.0,put,48.26,0.19480616,0.1915,0.198,79202.43,1.9
1787699721,btc,1806048000000,100000.0,call,43.63,0.05887208,0.058,0.06,81070.52,666.7
1787699721,btc,1806048000000,68000.0,put,44.0,0.05811602,0.057,0.059,81070.52,289.3
1787699721,btc,1787731200000,80000.0,put,48.08,0.01484899,0.0135,0.016,78953.75,38.2
1787699721,btc,1787990400000,79000.0,put,46.25,0.01763474,0.017,0.0185,79006.37,29.0
1787699721,btc,1788508800000,55000.0,call,88.82,0.30447297,0.302,0.3065,79049.87,0.0
1787699721,btc,1813910400000,52000.0,put,48.22,0.02662714,0.026,0.0275,82096.7,26.6
1787699721,btc,1790323200000,78000.0,put,41.03,0.03962674,0.039,0.04,79199.89,1018.0
1787699721,btc,1789113600000,85000.0,call,45.08,0.01285816,0.0125,0.0135,79085.62,155.5
1787699721,btc,1787904000000,67000.0,call,85.52,0.15206073,0.151,0.1535,78995.07,1788.0
1787699721,btc,1806048000000,125000.0,put,46.8,0.56572287,0.5595,0.571,81070.52,0.1
1787699721,btc,1806048000000,115000.0,call,45.31,0.033241,0.0325,0.034,81070.52,811.1
1787699721,btc,1787731200000,80000.0,call,48.08,0.00164222,0.0014,0.0018,78953.75,167.3
1787699721,btc,1806048000000,86000.0,call,42.78,0.10533609,0.104,0.1065,81070.52,133.5
1787699721,btc,1789113600000,95000.0,call,54.32,0.00297153,0.0028,0.0031,79083.0,139.0
1787699721,btc,1787904000000,46000.0,call,172.73,0.41771324,0.416,0.4195,78995.07,2.1
1787699721,btc,1789113600000,67000.0,call,49.04,0.15508936,0.152,0.1575,79083.0,0.0
1787699721,btc,1813910400000,80000.0,put,43.15,0.14146949,0.1405,0.1435,82096.7,57.6
1787699721,btc,1788508800000,79000.0,put,42.75,0.02696306,0.0265,0.0275,79047.22,26.3
1787699721,btc,1798185600000,55000.0,put,49.97,0.01058765,0.0105,0.011,80189.13,2503.7
1787699721,btc,1790323200000,98000.0,call,50.79,0.00529283,0.005,0.0055,79202.43,380.4
1787699721,btc,1787990400000,76000.0,call,46.87,0.04286144,0.039,0.0455,79006.37,0.0
1787699721,btc,1813910400000,30000.0,put,60.94,0.00451594,0.0041,0.005,82099.24,317.8
1787699721,btc,1790323200000,100000.0,put,51.99,0.26693248,0.2635,0.2715,79202.43,336.6
1787699721,btc,1793347200000,102000.0,call,47.24,0.0115943,0.011,0.012,79562.46,176.1
1787699721,btc,1787904000000,64000.0,call,104.77,0.19001366,0.189,0.191,78995.07,762.8
1787699721,btc,1790323200000,102000.0,call,53.34,0.00364325,0.0034,0.0038,79199.89,134.7
1787699721,btc,1787904000000,71000.0,call,65.94,0.10166519,0.1005,0.103,78995.07,1646.4
1787699721,btc,1806048000000,102000.0,call,43.82,0.0543314,0.053,0.0555,81070.52,127.2
1787699721,btc,1787731200000,71000.0,call,89.27,0.10077952,0.098,0.103,78951.17,0.0
1787699721,btc,1798185600000,78000.0,put,42.45,0.08300911,0.082,0.0835,80191.76,347.3
1787699721,btc,1787904000000,71000.0,put,65.94,0.00041405,0.0003,0.0006,78995.07,503.2
1787699721,btc,1813910400000,76000.0,put,43.47,0.11690219,0.1155,0.1185,82099.24,74.2
1787699721,btc,1789113600000,79000.0,call,41.63,0.03570698,0.035,0.0365,79085.62,5.4
1787699721,btc,1790323200000,80000.0,call,41.44,0.04302282,0.0425,0.0435,79199.89,3769.7
1787699721,btc,1787817600000,67000.0,call,95.98,0.15165977,0.149,0.1545,78971.36,0.0
1787699721,btc,1787731200000,80500.0,put,51.48,0.02048113,0.0185,0.022,78951.17,32.3
1787699721,btc,1813910400000,78000.0,call,43.3,0.17880903,0.177,0.18,82096.7,31.4
1787699721,btc,1787904000000,58000.0,call,146.52,0.26594932,0.265,0.267,78995.07,155.0
1787699721,btc,1788508800000,84000.0,call,46.93,0.0091893,0.0085,0.01,79047.22,402.9
1787699721,btc,1787817600000,75500.0,put,49.5,0.00089437,0.0008,0.0011,78971.36,13.0
1787699721,btc,1787990400000,79000.0,call,46.25,0.01779319,0.017,0.0185,79008.96,0.1
1787699721,btc,1813910400000,62000.0,call,45.31,0.29728582,0.295,0.2985,82099.24,116.9
1787699721,btc,1790323200000,92000.0,put,46.96,0.17146937,0.1685,0.1745,79199.89,4.3
1787699721,btc,1806048000000,58000.0,call,46.59,0.31225952,0.309,0.3155,81070.52,4.3
1787699721,btc,1806048000000,94000.0,call,43.15,0.07529355,0.074,0.0765,81070.52,131.9
1787699721,btc,1787904000000,53000.0,put,165.05,4.085e-05,,0.0002,78995.07,1023.8
1787699721,btc,1806048000000,72000.0,call,43.38,0.18784259,0.1865,0.189,81070.52,95.3
1787699721,btc,1813910400000,50000.0,call,48.99,0.41405768,0.412,0.415,82099.24,17.5
1787699721,btc,1787817600000,73000.0,call,63.71,0.07594644,0.073,0.079,78971.36,0.0
1787699721,btc,1787731200000,72000.0,call,80.3,0.08811473,0.0855,0.091,78951.17,0.0
1787699721,btc,1798185600000,55000.0,call,49.97,0.32476347,0.322,0.327,80189.13,44.9
1787699721,btc,1790323200000,52000.0,call,68.2,0.34437616,0.3415,0.3465,79202.43,150.0
1787699721,btc,1798185600000,240000.0,call,70.45,0.00073631,0.0005,0.001,80189.13,791.8
1787699721,btc,1787904000000,69000.0,put,74.54,0.00023358,0.0001,0.0003,78995.07,1131.3
1787699721,btc,1789113600000,86000.0,call,45.84,0.01086337,0.0105,0.0115,79083.0,179.6
1787699721,btc,1806048000000,66000.0,put,44.4,0.05052559,0.0495,0.0515,81070.52,105.5
1787699721,btc,1787731200000,81000.0,call,54.43,0.00052868,0.0004,0.0007,78951.17,80.1
1787699721,btc,1787731200000,81500.0,put,58.15,0.03252587,0.0295,0.036,78951.17,0.0
1787699721,btc,1798185600000,75000.0,call,42.62,0.13050357,0.1295,0.1315,80191.76,1952.7
1787699721,btc,1787731200000,82500.0,put,68.92,0.04505101,0.0425,0.0485,78951.17,0.0
1787699721,btc,1787990400000,86000.0,put,57.92,0.09004397,0.0865,0.0945,79006.37,0.0
1787699721,btc,1789113600000,88000.0,call,47.37,0.00777943,0.0075,0.008,79085.62,302.3
1787699721,btc,1790323200000,77000.0,put,41.0,0.03390283,0.0335,0.0345,79202.43,822.1
1787699721,btc,1806048000000,35000.0,put,60.33,0.00396467,0.0038,0.0045,81070.52,614.0
1787699721,btc,1787990400000,76000.0,put,46.87,0.00473431,0.0044,0.0049,79008.96,12.5
1787699721,btc,1787990400000,78000.0,put,45.84,0.01177876,0.011,0.0125,79006.37,19.9
1787699721,btc,1787731200000,78500.0,call,41.56,0.00862325,0.008,0.0095,78953.75,26.2
1787699721,btc,1787817600000,80500.0,put,47.07,0.023727,0.0225,0.0245,78971.36,0.2
1787699721,btc,1813910400000,30000.0,call,60.94,0.63912036,0.635,0.641,82099.24,39.3
1787699721,btc,1787990400000,75000.0,put,47.84,0.00286582,0.0027,0.0031,79006.37,0.6
1787699721,btc,1787817600000,83000.0,put,54.24,0.05197751,0.0505,0.0535,78971.36,10.0
1787699721,btc,1788508800000,81000.0,call,44.3,0.01800596,0.0175,0.0185,79047.22,272.2
1787699721,btc,1793347200000,73000.0,call,41.55,0.11629707,0.115,0.1175,79562.46,196.9
1787699721,btc,1787904000000,61000.0,put,124.59,0.00013804,0.0001,0.0002,78995.07,1559.1
1787699721,btc,1793347200000,81000.0,put,41.26,0.07958164,0.0785,0.0805,79562.46,21.3
1787699721,btc,1790323200000,50000.0,put,72.75,0.00082982,0.0007,0.001,79199.89,3636.5
1787699721,btc,1787817600000,88000.0,call,65.75,4.617e-05,,0.0002,78971.36,2.0
1787699721,btc,1806048000000,64000.0,put,44.84,0.0436769,0.043,0.0445,81070.52,126.3
1787699721,btc,1788508800000,84000.0,put,46.93,0.0717587,0.0695,0.0755,79047.22,0.0
1787699721,btc,1787904000000,61000.0,call,124.59,0.22797353,0.227,0.229,78995.07,611.6
1787699721,btc,1806048000000,115000.0,put,45.31,0.45165377,0.446,0.4565,81070.52,2.2
1787699721,btc,1806048000000,35000.0,call,60.33,0.57227382,0.5685,0.575,81072.98,9.2
1787699721,btc,1813910400000,54000.0,put,47.49,0.03063575,0.03,0.0315,82096.7,21.2
1787699721,btc,1793347200000,77000.0,call,41.11,0.0855161,0.0845,0.0865,79562.46,92.0
1787699721,btc,1790323200000,140000.0,put,73.01,0.7679137,0.763,0.7755,79199.89,1.4
1787699721,btc,1793347200000,104000.0,call,47.97,0.01010202,0.0095,0.0105,79562.46,0.1
1787699721,btc,1787904000000,70000.0,call,70.9,0.114239,0.113,0.1155,78995.07,2612.5
1787699721,btc,1789113600000,84000.0,put,44.39,0.07736152,0.075,0.081,79085.62,1.6
1787699721,btc,1806048000000,108000.0,put,44.45,0.37508052,0.3695,0.379,81070.52,0.1
1787699721,btc,1787817600000,74500.0,put,54.7,0.00053382,0.0004,0.0007,78971.36,5.9
1787699721,btc,1806048000000,180000.0,call,55.16,0.00688937,0.0065,0.0075,81070.52,506.5
1787699721,btc,1806048000000,84000.0,put,42.72,0.1505663,0.149,0.152,81072.98,55.2
1787699721,btc,1787904000000,76000.0,put,46.02,0.00277808,0.0026,0.003,78995.07,878.4
1787699721,btc,1793347200000,72000.0,put,41.79,0.02996844,0.0295,0.0305,79562.46,65.9
1787699721,btc,1788508800000,90000.0,call,54.29,0.00277118,0.0025,0.003,79047.22,217.9
1787699721,btc,1788508800000,76000.0,call,42.22,0.05013004,0.0495,0.0515,79047.22,186.7
1787699721,btc,1793347200000,50000.0,put,59.2,0.00245584,0.0022,0.0028,79562.46,360.3
1787699721,btc,1787817600000,78500.0,call,43.27,0.01379346,0.0135,0.0145,78971.36,55.6
1787699721,btc,1790323200000,120000.0,call,63.74,0.00092748,0.0008,0.001,79199.89,1227.4
1787699721,btc,1787731200000,75000.0,call,58.23,0.05013257,0.047,0.053,78951.17,0.0
1787699721,btc,1793347200000,78000.0,call,41.09,0.07887934,0.078,0.0795,79562.46,353.4
1787699721,btc,1790323200000,170000.0,put,89.1,1.14655697,1.138,1.1535,79199.89,0.0
1787699721,btc,1787904000000,72000.0,put,61.85,0.00057725,0.0005,0.0008,78995.07,1422.7
1787699721,btc,1788508800000,65000.0,call,59.95,0.17843991,0.176,0.1805,79047.22,296.4
1787699721,btc,1788508800000,66000.0,call,57.33,0.16590461,0.1625,0.168,79047.22,454.6
1787699721,btc,1806048000000,88000.0,call,42.84,0.096833,0.0955,0.098,81072.98,77.0
1787699721,btc,1793347200000,83000.0,call,41.51,0.05195946,0.0515,0.0525,79562.46,77.5
1787699721,btc,1806048000000,74000.0,put,43.15,0.08611863,0.085,0.0875,81070.52,155.4
1787699721,btc,1806048000000,170000.0,call,53.81,0.00826523,0.0075,0.009,81070.52,390.0
1787699721,btc,1787904000000,73000.0,put,56.76,0.00074869,0.0006,0.001,78995.07,642.6
1787699721,btc,1806048000000,74000.0,call,43.15,0.17340085,0.172,0.1745,81070.52,73.2
1787699721,btc,1798185600000,64000.0,put,45.17,0.02473325,0.024,0.0255,80189.13,348.7
1787699721,btc,1790323200000,81000.0,call,41.79,0.03808939,0.0375,0.0385,79199.89,126.6
1787699721,btc,1787904000000,84000.0,call,53.78,0.00157239,0.0014,0.0017,78992.48,309.5
1787699721,btc,1806048000000,54000.0,call,48.2,0.35410868,0.3505,0.3575,81072.98,0.1
1787699721,btc,1813910400000,96000.0,put,43.25,0.26710406,0.265,0.27,82099.24,0.0
1787699721,btc,1787817600000,73500.0,call,59.23,0.0696232,0.0665,0.0725,78971.36,0.8
1787699721,btc,1787817600000,84000.0,call,56.7,0.00053709,0.0004,0.0007,78971.36,9.7
1787699721,btc,1790323200000,115000.0,call,61.33,0.0013436,0.0012,0.0014,79202.43,2145.9
1787699721,btc,1787990400000,79500.0,call,46.81,0.0150668,0.0145,0.0155,79006.37,2.8
1787699721,btc,1787904000000,60000.0,call,131.81,0.24063215,0.2395,0.242,78995.07,424.2
1787699721,btc,1813910400000,84000.0,put,43.06,0.16920768,0.168,0.1715,82099.24,7.5
1787699721,btc,1806048000000,120000.0,put,46.07,0.50822248,0.502,0.513,81072.98,1.8
1787699721,btc,1789113600000,81000.0,call,42.56,0.02556637,0.025,0.026,79085.62,127.4
1787699721,btc,1793347200000,78000.0,put,41.09,0.05920989,0.0585,0.06,79562.46,431.5
1787699721,btc,1787817600000,75500.0,call,49.5,0.04488281,0.042,0.0475,78973.94,0.0
1787699721,btc,1789113600000,82000.0,put,43.09,0.05832436,0.0575,0.0595,79083.0,4.4
1787699721,btc,1787817600000,87000.0,put,63.23,0.10170961,0.099,0.1055,78971.36,0.0
1787699721,btc,1806048000000,104000.0,put,44.02,0.33295258,0.329,0.3365,81070.52,0.1
1787699721,btc,1787990400000,88000.0,call,62.7,0.0009307,0.0007,0.0011,79006.37,0.5
1787699721,btc,1787904000000,57000.0,put,154.03,0.00013866,,0.0041,78995.07,1142.1
1787699721,btc,1806048000000,94000.0,put,43.15,0.23469182,0.2315,0.238,81070.52,9.1
1787699721,btc,1788508800000,67000.0,put,55.14,0.00096415,0.0009,0.0012,79047.22,93.7
1787699721,btc,1798185600000,100000.0,put,44.3,0.27738634,0.2735,0.282,80189.13,303.3
1787699721,btc,1798185600000,75000.0,put,42.62,0.06571838,0.065,0.0665,80189.13,1006.6
1787699721,btc,1787904000000,70000.0,put,70.9,0.00032942,0.0003,0.0004,78995.07,2194.2
1787699721,btc,1787904000000,60000.0,put,131.81,0.00013822,0.0001,0.0002,78995.07,2540.7
1787699721,btc,1787731200000,69000.0,call,92.41,0.12610917,0.1235,0.129,78953.75,0.0
1787699721,btc,1787731200000,81500.0,call,58.15,0.00032147,0.0002,0.0004,78953.75,38.6
1787699721,btc,1790323200000,130000.0,call,69.25,0.00054161,0.0004,0.0007,79199.89,1439.1
1787699721,btc,1806048000000,76000.0,call,42.83,0.15943328,0.1585,0.161,81070.52,528.4
1787699721,btc,1789113600000,90000.0,call,49.11,0.00569206,0.0055,0.006,79085.62,640.7
1787699721,btc,1813910400000,92000.0,call,43.09,0.11161306,0.11,0.113,82099.24,15.7
1787699721,btc,1793347200000,65000.0,put,44.63,0.01237905,0.012,0.013,79562.46,485.7
1787699721,btc,1787817600000,81500.0,put,49.73,0.03439004,0.032,0.038,78971.36,0.0
1787699721,btc,1793347200000,59000.0,put,48.99,0.00593301,0.0055,0.0065,79562.46,79.7
1787699721,btc,1790323200000,92000.0,call,46.96,0.00988856,0.0095,0.0105,79202.43,902.5
1787699721,btc,1790323200000,125000.0,call,66.96,0.00073575,0.0006,0.0009,79202.43,2320.7
1787699721,btc,1790323200000,83000.0,put,42.46,0.0775799,0.0765,0.0785,79202.43,0.0
1787699721,btc,1793347200000,82000.0,call,41.37,0.05657036,0.056,0.057,79562.46,1180.4
1787699721,btc,1787731200000,83000.0,call,72.46,0.00012122,,0.0002,78953.75,107.6
1787699721,btc,1798185600000,120000.0,put,48.71,0.50792823,0.503,0.5135,80189.13,35.7
1787699721,btc,1793347200000,110000.0,call,50.33,0.00696777,0.0065,0.007,79562.46,616.5
1787699721,btc,1787904000000,56000.0,call,161.65,0.29126645,0.29,0.2925,78995.07,63.3
1787699721,btc,1788508800000,66000.0,put,57.33,0.00078169,0.0007,0.0009,79047.22,243.2
1787699721,btc,1787731200000,70000.0,call,92.35,0.11344419,0.111,0.116,78953.75,0.0
1787699721,btc,1813910400000,70000.0,put,44.03,0.08493022,0.0835,0.086,82096.7,15.5
1787699721,btc,1798185600000,220000.0,put,68.19,1.74433975,1.7325,1.77,80189.13,0.0
1787699721,btc,1806048000000,65000.0,call,44.62,0.24531105,0.244,0.2465,81070.52,366.9
1787699721,btc,1806048000000,130000.0,call,47.55,0.02059523,0.0195,0.021,81070.52,1092.4
1787699721,btc,1813910400000,180000.0,call,51.64,0.0135121,0.0125,0.014,82099.24,21.2
1787699721,btc,1790323200000,175000.0,call,89.1,0.00010707,,0.0002,79199.89,1689.1
1787699721,btc,1793347200000,77000.0,put,41.11,0.05327831,0.0525,0.054,79562.46,71.4
1787699721,btc,1787904000000,74000.0,put,52.63,0.00108804,0.001,0.0013,78995.07,563.4
1787699721,btc,1787817600000,68000.0,call,94.02,0.13903388,0.1365,0.141,78973.94,0.0
1787699721,btc,1787904000000,50000.0,call,165.65,0.36708641,0.366,0.368,78995.07,51.0
1787699721,btc,1787731200000,79500.0,put,45.22,0.00980297,0.009,0.0105,78953.75,17.2
1787699721,btc,1789113600000,76000.0,put,41.23,0.01809704,0.0175,0.0185,79085.62,124.3
1787699721,btc,1806048000000,84000.0,call,42.72,0.11450828,0.1135,0.1155,81070.52,263.2
1787699721,btc,1813910400000,160000.0,call,49.52,0.01906411,0.018,0.02,82096.7,541.4
1787699721,btc,1813910400000,170000.0,put,50.6,1.08651117,1.079,1.098,82096.7,14.7
1787699721,btc,1790323200000,86000.0,put,43.74,0.10613872,0.104,0.109,79202.43,11.6
1787699721,btc,1790323200000,68000.0,call,44.63,0.14833474,0.1455,0.1505,79202.43,906.7
1787699721,btc,1789113600000,73000.0,put,42.33,0.00873755,0.008,0.009,79083.0,61.9
1787699721,btc,1787731200000,79500.0,call,45.22,0.00292977,0.0026,0.0032,78951.17,119.4
1787699721,btc,1790323200000,280000.0,call,129.87,6.716e-05,,0.0001,79202.43,76.2
1787699721,btc,1798185600000,230000.0,call,69.91,0.00094022,0.0007,0.0012,80189.13,202.3
1787699721,btc,1787731200000,84000.0,put,72.56,0.06389222,0.061,0.0675,78953.75,0.0
1787699721,btc,1813910400000,98000.0,call,43.31,0.09153737,0.09,0.0925,82099.24,4.2
1787699721,btc,1787817600000,85000.0,call,59.97,0.0003182,0.0002,0.0005,78971.36,42.7
1787699721,btc,1798185600000,50000.0,put,53.88,0.00680028,0.006,0.007,80189.13,2191.6
1787699721,btc,1787731200000,76000.0,put,55.27,8.728e-05,,0.0003,78951.17,59.1
1787699721,btc,1787817600000,71000.0,put,75.86,0.00016349,0.0001,0.0003,78971.36,88.3
1787699721,btc,1787904000000,65000.0,call,97.8,0.17735495,0.1765,0.1785,78995.07,1359.4
1787699721,btc,1787817600000,76500.0,put,45.68,0.00174325,0.0016,0.0019,78973.94,19.5
1787699721,btc,1787904000000,68000.0,put,81.59,0.00023435,0.0002,0.0003,78995.07,1080.7
1787699721,btc,1787904000000,76000.0,call,46.02,0.04073705,0.039,0.0425,78995.07,1228.4
1787699721,btc,1788508800000,55000.0,put,88.82,0.00020293,0.0001,0.0065,79047.22,191.5
1787699721,btc,1788508800000,77000.0,put,42.02,0.01550748,0.015,0.016,79047.22,249.3
1787699721,btc,1798185600000,54000.0,put,50.53,0.00955599,0.009,0.01,80191.76,1847.0
1787699721,btc,1789113600000,75000.0,call,41.43,0.06598307,0.065,0.067,79083.0,73.9
1787699721,btc,1798185600000,92000.0,put,43.09,0.19543966,0.1925,0.199,80189.13,6.6
1787699721,btc,1787904000000,40000.0,call,172.73,0.49366263,0.493,0.4945,78995.07,24.0
1787699721,btc,1806048000000,78000.0,put,42.69,0.10879695,0.108,0.1095,81070.52,191.8
1787699721,btc,1787904000000,80500.0,put,46.57,0.02646032,0.0255,0.0275,78995.07,28.9
1787699721,btc,1790323200000,54000.0,call,64.47,0.31930786,0.3165,0.3215,79202.43,7.4
1787699721,btc,1798185600000,108000.0,call,45.93,0.01999315,0.0195,0.0205,80189.13,132.2
1787699721,btc,1798185600000,60000.0,put,46.94,0.01687891,0.0165,0.0175,80189.13,6500.4
1787699721,btc,1813910400000,58000.0,call,46.24,0.33382623,0.3315,0.335,82099.24,13.8
1787699721,btc,1798185600000,250000.0,put,71.54,2.11801303,2.103,2.1385,80189.13,10.0
1787699721,btc,1789113600000,69000.0,call,46.12,0.13092985,0.128,0.133,79083.0,1.2
1787699721,btc,1790323200000,85000.0,call,43.27,0.02301011,0.0225,0.0235,79202.43,4160.1
1787699721,btc,1806048000000,190000.0,put,56.52,1.34933805,1.3345,1.376,81070.52,0.9
1787699721,btc,1787990400000,86000.0,call,57.92,0.00160887,0.0014,0.0018,79006.37,25.3
1787699721,btc,1789113600000,78000.0,put,41.44,0.02829826,0.0275,0.029,79085.62,57.4
1787699721,btc,1798185600000,160000.0,call,58.36,0.00346255,0.0031,0.0038,80189.13,1261.2
1787699721,btc,1789113600000,77000.0,call,41.28,0.04921184,0.048,0.05,79083.0,114.3
1787699721,btc,1787817600000,77000.0,call,44.25,0.02750675,0.0265,0.0285,78971.36,20.0
1787699721,btc,1798185600000,88000.0,put,42.55,0.15825907,0.157,0.1595,80189.13,4.5
1787699721,btc,1787904000000,79500.0,call,44.84,0.01149156,0.011,0.012,78992.48,90.2
1787699721,btc,1790323200000,96000.0,put,49.45,0.21851658,0.215,0.2225,79202.43,1.0
1787699721,btc,1798185600000,96000.0,put,43.69,0.2353553,0.232,0.2385,80191.76,11.3
1787699721,btc,1798185600000,90000.0,call,42.85,0.0542882,0.0535,0.055,80189.13,3700.1
1787699721,btc,1806048000000,66000.0,call,44.4,0.23647999,0.235,0.2375,81070.52,23.9
1787699721,btc,1813910400000,62000.0,put,45.31,0.05243668,0.0515,0.0535,82096.7,80.0
1787699721,btc,1787904000000,82500.0,call,50.61,0.00306226,0.0029,0.0031,78992.48,88.2
1787699721,btc,1787731200000,69000.0,put,92.41,1e-08,,0.0001,78953.75,31.1
1787699721,btc,1806048000000,200000.0,put,58.06,1.47202432,1.4555,1.499,81070.52,1.0
1787699721,btc,1806048000000,45000.0,call,52.86,0.45446653,0.4495,0.4575,81070.52,3.3
1787699721,btc,1790323200000,30000.0,put,118.39,0.00013655,0.0001,0.0002,79202.43,2571.9
1787699721,btc,1789113600000,70000.0,put,44.84,0.00418798,0.004,0.0044,79085.62,107.2
1787699721,btc,1793347200000,95000.0,call,44.71,0.01933269,0.019,0.02,79562.46,1461.7
1787699721,btc,1788508800000,80000.0,put,43.41,0.03429549,0.0335,0.035,79047.22,93.6
1787699721,btc,1787904000000,75500.0,call,47.33,0.04642393,0.043,0.049,78995.07,0.0
1787699721,btc,1806048000000,160000.0,call,52.38,0.01007724,0.0095,0.0105,81070.52,872.3
1787699721,btc,1790323200000,260000.0,call,123.09,6.715e-05,,0.0001,79199.89,293.3
1787699721,btc,1788508800000,85000.0,call,48.01,0.00739001,0.007,0.008,79047.22,263.7
1787699721,btc,1788508800000,82000.0,put,45.25,0.05175766,0.0505,0.0525,79047.22,0.2
1787699721,btc,1793347200000,50000.0,call,59.2,0.37403882,0.3705,0.3765,79562.46,0.1
1787699721,btc,1787990400000,80000.0,call,47.13,0.01259563,0.012,0.013,79008.96,86.1
1787699721,btc,1798185600000,66000.0,put,44.51,0.02992313,0.0295,0.0305,80189.13,375.9
1787699721,btc,1790323200000,82000.0,call,42.12,0.03362612,0.033,0.034,79202.43,4584.1
1787699721,btc,1793347200000,96000.0,call,45.08,0.01794038,0.0175,0.0185,79562.46,48.3
1787699721,btc,1806048000000,92000.0,put,43.02,0.21655614,0.2135,0.2195,81070.52,0.6
1787699721,btc,1798185600000,190000.0,put,64.02,1.37105268,1.36,1.387,80189.13,0.0
1787699721,btc,1787731200000,75500.0,call,55.79,0.04381668,0.041,0.047,78953.75,0.0
1787699721,btc,1787990400000,72000.0,put,55.93,0.00086921,0.0007,0.0011,79006.37,40.3
1787699721,btc,1798185600000,35000.0,call,70.53,0.56558874,0.563,0.5675,80189.13,77.8
1787699721,btc,1787817600000,77500.0,put,43.43,0.00369908,0.0035,0.004,78971.36,35.2
1787699721,btc,1798185600000,160000.0,put,58.36,0.99858746,0.988,1.0125,80189.13,0.1
1787699721,btc,1798185600000,120000.0,call,48.71,0.01158455,0.011,0.012,80189.13,5883.8
1787699721,btc,1806048000000,72000.0,put,43.38,0.07589232,0.075,0.077,81072.98,143.9
1787699721,btc,1787731200000,75500.0,put,55.79,3.057e-05,,0.0001,78953.75,81.3
1787699721,btc,1787990400000,72000.0,call,55.93,0.08962122,0.0865,0.092,79008.96,0.0
1787699721,btc,1798185600000,150000.0,call,56.23,0.00447075,0.0041,0.0048,80189.13,1729.1
1787699721,btc,1793347200000,58000.0,put,50.19,0.00543405,0.005,0.006,79562.46,147.5
1787699721,btc,1813910400000,190000.0,call,52.78,0.01176665,0.011,0.0125,82099.24,25.5
1787699721,btc,1787904000000,77500.0,call,43.94,0.02546047,0.0245,0.0265,78995.07,17.8
1787699721,btc,1806048000000,58000.0,put,46.59,0.02763292,0.027,0.0285,81070.52,134.7
1787699721,btc,1787904000000,54000.0,put,164.14,6.334e-05,,0.0007,78995.07,1733.0
1787699721,btc,1787904000000,81000.0,call,47.33,0.00592549,0.0055,0.0065,78992.48,1430.8
1787699721,btc,1788508800000,67000.0,call,55.14,0.15343713,0.1505,0.1555,79047.22,979.6
1787699721,btc,1787904000000,95000.0,call,79.76,4.182e-05,,0.0001,78995.07,155.6
1787699721,btc,1813910400000,100000.0,call,43.44,0.08586253,0.0845,0.087,82099.24,181.1
1787699721,btc,1787990400000,71000.0,call,59.65,0.10206137,0.098,0.1045,79006.37,0.0
1787699721,btc,1787731200000,71000.0,put,89.27,5.3e-07,,0.0001,78953.75,59.3
1787699721,btc,1790323200000,88000.0,call,44.73,0.01585696,0.0155,0.0165,79199.89,1042.8
1787699721,btc,1798185600000,66000.0,call,44.51,0.2069341,0.2045,0.21,80189.13,279.9
1787699721,btc,1798185600000,102000.0,call,44.74,0.02738446,0.0265,0.028,80189.13,376.4
1787699721,btc,1787817600000,79500.0,call,44.77,0.00794598,0.0075,0.0085,78971.36,63.8
1787699721,btc,1787904000000,69000.0,call,74.54,0.12680159,0.1255,0.128,78995.07,2436.2
1787699721,btc,1806048000000,104000.0,call,44.02,0.05021408,0.049,0.051,81070.52,114.9
1787699721,btc,1787904000000,95000.0,put,79.76,0.2025931,0.1995,0.206,78995.07,0.3
1787699721,btc,1793347200000,84000.0,call,41.71,0.04778505,0.047,0.0485,79562.46,580.4
1787699721,btc,1798185600000,170000.0,call,60.41,0.00276613,0.0026,0.0028,80191.76,2383.5
1787699721,btc,1790323200000,65000.0,call,47.84,0.18357714,0.18,0.186,79199.89,1285.2
1787699721,btc,1793347200000,85000.0,put,41.85,0.11213712,0.111,0.1135,79562.46,0.3
1787699721,btc,1806048000000,130000.0,put,47.55,0.62401837,0.6175,0.6295,81070.52,0.4
1787699721,btc,1787817600000,76000.0,call,47.56,0.03890137,0.0365,0.0415,78971.36,0.8
1787699721,btc,1806048000000,80000.0,put,42.76,0.12216602,0.121,0.1235,81070.52,203.8
1787699721,btc,1787817600000,78500.0,put,43.27,0.00779224,0.007,0.0085,78971.36,24.3
1787699721,btc,1788508800000,63000.0,put,66.44,0.00056006,0.0004,0.0007,79047.22,651.1
1787699721,btc,1787904000000,62000.0,call,118.92,0.21533099,0.2145,0.2165,78995.07,841.4
1787699721,btc,1788508800000,69000.0,call,50.99,0.12869139,0.126,0.131,79047.22,402.0
1787699721,btc,1793347200000,52000.0,call,56.63,0.34937595,0.346,0.352,79562.46,0.1
1787699721,btc,1790323200000,300000.0,call,136.29,6.829e-05,,0.0001,79202.43,197.3
1787699721,btc,1789113600000,68000.0,call,47.51,0.14293473,0.1395,0.1455,79085.62,1.1
1787699721,btc,1806048000000,40000.0,call,55.89,0.51260799,0.5085,0.516,81070.52,81.3
1787699721,btc,1789113600000,71000.0,put,43.93,0.0053619,0.005,0.006,79085.62,351.4
1787699721,btc,1787990400000,81500.0,put,49.28,0.03888306,0.038,0.04,79006.37,0.0
1787699721,btc,1813910400000,64000.0,call,44.92,0.27998198,0.278,0.281,82096.7,53.1
1787699721,btc,1790323200000,135000.0,call,71.75,0.00042361,0.0003,0.0004,79199.89,290.5
1787699721,btc,1790323200000,72000.0,put,41.97,0.0141669,0.014,0.0145,79202.43,866.2
1787699721,btc,1806048000000,85000.0,put,42.76,0.158241,0.1565,0.1595,81070.52,1.0
1787699721,btc,1813910400000,180000.0,put,51.64,1.20588557,1.198,1.218,82096.7,0.0
1787699721,btc,1787904000000,55000.0,call,161.71,0.30387371,0.303,0.305,78995.07,7.7
1787699721,btc,1787990400000,73000.0,put,52.58,0.00121639,0.0011,0.0014,79006.37,0.5
1787699721,btc,1790323200000,62000.0,put,51.55,0.00272945,0.0025,0.003,79199.89,1130.9
1787699721,btc,1789113600000,65000.0,put,52.57,0.00157993,0.0014,0.0018,79085.62,534.1
1787699721,btc,1788508800000,86000.0,call,49.35,0.00605248,0.0055,0.0065,79047.22,5.6
1787699721,btc,1806048000000,55000.0,call,47.65,0.34329123,0.34,0.347,81070.52,28.6
1787699721,btc,1813910400000,65000.0,put,44.74,0.06326876,0.062,0.0645,82099.24,23.1
1787699721,btc,1806048000000,62000.0,call,45.35,0.27291443,0.2695,0.2765,81070.52,62.1
1787699721,btc,1793347200000,75000.0,put,41.26,0.04270339,0.042,0.0435,79562.46,144.9
1787699721,btc,1787904000000,110000.0,call,90.91,5e-08,,0.0001,78995.07,317.5
1787699721,btc,1813910400000,150000.0,put,48.24,0.84985287,0.8425,0.8595,82099.24,0.1
1787699721,btc,1790323200000,120000.0,put,63.74,0.51603289,0.5115,0.521,79199.89,174.5
1787699721,btc,1793347200000,92000.0,call,43.73,0.02450384,0.024,0.025,79562.46,123.7
1787699721,btc,1813910400000,52000.0,call,48.22,0.39327481,0.391,0.3945,82096.7,1.1
1787699721,btc,1787904000000,94000.0,call,75.99,4.396e-05,,0.0001,78995.07,286.6
1787699721,btc,1813910400000,125000.0,put,45.47,0.56341316,0.5575,0.5715,82096.7,0.0
1787699721,btc,1787990400000,74000.0,put,49.98,0.00183443,0.0017,0.002,79008.96,1.4
1787699721,btc,1788508800000,58000.0,put,81.39,0.00032656,0.0002,0.0005,79049.87,344.0
1787699721,btc,1787731200000,73000.0,call,72.93,0.07545072,0.0725,0.0775,78951.17,0.0
1787699721,btc,1790323200000,50000.0,call,72.75,0.3695359,0.367,0.3715,79199.89,30.4
1787699721,btc,1787904000000,96000.0,call,80.62,2.697e-05,,0.0002,78995.07,153.6
1787699721,btc,1787731200000,77500.0,put,44.12,0.00058245,0.0005,0.0008,78951.17,180.7
1787699721,btc,1790323200000,96000.0,call,49.45,0.00643225,0.006,0.007,79202.43,352.7
1787699721,btc,1806048000000,112000.0,call,44.97,0.03712262,0.036,0.038,81070.52,65.2
1787699721,btc,1793347200000,84000.0,put,41.71,0.10352564,0.1025,0.1045,79565.0,0.7
1787699721,btc,1806048000000,82000.0,call,42.62,0.12423462,0.1235,0.125,81070.52,1064.1
1787699721,btc,1793347200000,67000.0,call,43.59,0.17391116,0.1715,0.177,79562.46,109.8
1787699721,btc,1793347200000,89000.0,put,42.85,0.14991751,0.1475,0.1525,79562.46,5.0
1787699721,btc,1790323200000,55000.0,call,62.68,0.30679482,0.304,0.309,79202.43,143.7
1787699721,btc,1789113600000,60000.0,call,62.53,0.24213765,0.24,0.245,79083.0,0.0
1787699721,btc,1787731200000,73000.0,put,72.93,1.89e-06,,0.0001,78951.17,70.5
1787699721,btc,1813910400000,88000.0,call,43.03,0.12766978,0.126,0.129,82099.24,21.3
1787699721,btc,1798185600000,74000.0,put,42.76,0.06064913,0.06,0.0615,80191.76,143.6
1787699721,btc,1813910400000,45000.0,call,51.38,0.4679433,0.466,0.469,82099.24,0.5
1787699721,btc,1789113600000,73000.0,call,42.33,0.08573143,0.083,0.0885,79085.62,14.1
1787699721,btc,1790323200000,74000.0,call,41.4,0.08613497,0.085,0.087,79199.89,1570.7
1787699721,btc,1813910400000,54000.0,call,47.49,0.37292371,0.3705,0.374,82099.24,0.9
1787699721,btc,1787731200000,77000.0,call,48.5,0.02511035,0.0235,0.0265,78953.75,30.2
1787699721,btc,1798185600000,84000.0,call,42.45,0.07776239,0.077,0.0785,80189.13,1206.2
1787699721,btc,1793347200000,65000.0,call,44.63,0.19543692,0.193,0.1985,79562.46,425.0
1787699721,btc,1787904000000,85000.0,call,55.35,0.00096795,0.0009,0.0011,78995.07,1021.4
1787699721,btc,1790323200000,76000.0,put,41.09,0.02886077,0.0285,0.0295,79202.43,1029.9
1787699721,btc,1787904000000,98000.0,call,80.93,8.93e-06,,0.0001,78995.07,226.1
1787699721,btc,1790323200000,54000.0,put,64.47,0.0011053,0.001,0.0013,79199.89,669.5
1787699721,btc,1787817600000,74500.0,call,54.7,0.05718466,0.0545,0.0595,78971.36,0.0
1787699721,btc,1787904000000,79500.0,put,44.84,0.01783711,0.017,0.0185,78995.07,225.4
1787699721,btc,1787904000000,100000.0,call,83.32,4.15e-06,,0.0001,78995.07,211.6
1787699721,btc,1798185600000,76000.0,call,42.55,0.12350631,0.1225,0.1245,80189.13,413.3
1787699721,btc,1787731200000,85000.0,call,74.08,5.42e-06,,0.0001,78953.75,136.7
1787699721,btc,1788508800000,60000.0,call,74.02,0.24137177,0.2385,0.244,79049.87,0.4
1787699721,btc,1813910400000,86000.0,put,43.03,0.18402371,0.1825,0.1865,82096.7,0.2
1787699721,btc,1787904000000,82000.0,call,49.45,0.0038043,0.0037,0.0039,78995.07,1179.9
1787699721,btc,1813910400000,92000.0,put,43.09,0.2321595,0.2305,0.235,82096.7,0.2
1787699721,btc,1798185600000,104000.0,call,45.1,0.02456742,0.024,0.025,80189.13,89.8
1787699721,btc,1790323200000,66000.0,call,46.94,0.1717744,0.169,0.174,79199.89,972.2
1787699721,btc,1787731200000,86000.0,put,82.29,0.08920093,0.086,0.093,78953.75,0.0
1787699721,btc,1790323200000,155000.0,put,80.5,0.95719123,0.9515,0.9635,79199.89,0.1
1787699721,btc,1789113600000,79000.0,put,41.63,0.03457661,0.034,0.035,79083.0,26.8
1787699721,btc,1788508800000,78000.0,put,42.34,0.02073042,0.0205,0.0215,79047.22,342.8
1787699721,btc,1787990400000,77500.0,call,45.77,0.0285848,0.0275,0.0295,79006.37,0.0
1787699721,btc,1790323200000,105000.0,call,55.22,0.00281331,0.0026,0.003,79199.89,1163.5
1787699721,btc,1789113600000,66000.0,call,50.84,0.16738444,0.1645,0.1695,79085.62,0.1
1787699721,btc,1798185600000,88000.0,call,42.55,0.06094036,0.0605,0.061,80189.13,3153.1
1787699721,btc,1793347200000,72000.0,call,41.79,0.12504794,0.124,0.126,79562.46,269.3
1787699721,btc,1787731200000,76000.0,call,55.27,0.03754085,0.0345,0.0405,78953.75,0.0
1787699721,btc,1787990400000,80000.0,put,47.13,0.0250934,0.0245,0.026,79008.96,51.0
1787699721,btc,1813910400000,56000.0,put,46.81,0.03513189,0.0345,0.036,82096.7,84.6
1787699721,btc,1787990400000,74000.0,call,49.98,0.065274,0.0615,0.068,79008.96,0.0
1787699721,btc,1806048000000,105000.0,put,44.11,0.34330766,0.339,0.347,81070.52,0.5
1787699721,btc,1787904000000,80000.0,put,45.29,0.02183469,0.021,0.0225,78995.07,69.5
1787699721,btc,1793347200000,63000.0,call,46.17,0.21802367,0.2155,0.2205,79565.0,153.2
1787699721,btc,1793347200000,90000.0,put,43.13,0.15999682,0.1575,0.163,79562.46,5.6
1787699721,btc,1787990400000,77500.0,put,45.77,0.00944201,0.009,0.01,79006.37,49.3
1787699721,btc,1813910400000,105000.0,put,43.76,0.35217003,0.3485,0.3575,82096.7,0.1
1787699721,btc,1787904000000,52000.0,put,165.07,2.417e-05,,0.0001,78995.07,1145.9
1787699721,btc,1793347200000,73000.0,put,41.55,0.03378591,0.033,0.0345,79562.46,31.5
1787699721,btc,1790323200000,82000.0,put,42.12,0.06894815,0.068,0.0695,79199.89,221.8
1787699721,btc,1806048000000,112000.0,put,44.97,0.41853332,0.4125,0.423,81070.52,0.1
1787699721,btc,1798185600000,58000.0,call,47.98,0.29068256,0.288,0.2935,80189.13,40.3
1787699721,btc,1787904000000,65000.0,put,97.8,0.0001532,0.0001,0.0003,78992.48,2177.4
1787699721,btc,1788508800000,86000.0,put,49.35,0.09392115,0.091,0.098,79047.22,0.0
1787699721,btc,1787990400000,78500.0,call,46.14,0.02104707,0.0205,0.0215,79008.96,0.0
1787699721,btc,1793347200000,56000.0,put,52.14,0.00436555,0.0041,0.0047,79562.46,470.2
1787699721,btc,1793347200000,79000.0,call,41.11,0.0726709,0.072,0.0735,79565.0,98.0
1787699721,btc,1787731200000,79000.0,put,43.49,0.00575972,0.005,0.0065,78951.17,40.9
1787699721,btc,1788508800000,62000.0,put,69.91,0.00052718,0.0004,0.0007,79047.22,552.2
1787699721,btc,1790323200000,66000.0,put,46.94,0.00508238,0.0048,0.0055,79199.89,1684.1
1787699721,btc,1813910400000,90000.0,call,43.05,0.11935722,0.118,0.1205,82096.7,572.3
1787699721,btc,1787817600000,74000.0,put,57.59,0.00043125,0.0003,0.0006,78971.36,72.8
1787699721,btc,1788508800000,83000.0,call,45.91,0.01146393,0.011,0.012,79047.22,3.6
1787699721,btc,1790323200000,79000.0,call,41.21,0.04861674,0.048,0.0495,79199.89,186.1
1787699721,btc,1798185600000,85000.0,call,42.49,0.073265,0.0725,0.074,80191.76,2053.6
1787699721,btc,1798185600000,98000.0,put,43.99,0.25612915,0.2525,0.26,80189.13,1.2
1787699721,btc,1806048000000,78000.0,call,42.69,0.14674307,0.146,0.1485,81070.52,561.2
1787699721,btc,1787904000000,90000.0,put,67.36,0.13941416,0.138,0.141,78995.07,11.1
1787699721,btc,1787904000000,85000.0,put,55.35,0.07693488,0.0755,0.0785,78995.07,30.7
1787699721,btc,1790323200000,200000.0,put,98.24,1.52523953,1.518,1.538,79199.89,0.1
1787699721,btc,1787904000000,68000.0,call,81.59,0.1394608,0.1385,0.141,78995.07,1520.9
1787699721,btc,1787904000000,52000.0,call,165.07,0.34178558,0.341,0.343,78995.07,51.0
1787699721,btc,1798185600000,78000.0,call,42.45,0.11038572,0.1095,0.1115,80189.13,1073.4
1787699721,btc,1790323200000,85000.0,put,43.27,0.09620978,0.094,0.0985,79199.89,453.9
1787699721,btc,1787990400000,85000.0,put,55.92,0.07800514,0.075,0.0825,79006.37,0.0
1787699721,btc,1787904000000,54000.0,call,164.14,0.31650787,0.3155,0.3175,78995.07,9.9
1787699721,btc,1789113600000,66000.0,put,50.84,0.00188312,0.0018,0.0021,79085.62,258.6
1787699721,btc,1787817600000,81500.0,call,49.73,0.00240404,0.0021,0.0026,78971.36,50.1
1787699721,btc,1798185600000,95000.0,put,43.49,0.22507661,0.222,0.229,80189.13,88.7
1787699721,eth,1788508800000,2800.0,call,67.86,0.006546,0.006,0.007,2458.41,4723.0
1787699721,eth,1787990400000,2320.0,call,61.45,0.060809,0.056,0.064,2456.97,0.0
1787699721,eth,1798185600000,1800.0,call,59.42,0.301601,0.2975,0.306,2480.82,2437.0
1787699721,eth,1793347200000,2250.0,put,55.3,0.051498,0.051,0.052,2469.3,1165.0
1787699721,eth,1806048000000,4800.0,put,61.89,0.942635,0.9285,0.957,2502.32,0.0
1787699721,eth,1787731200000,2580.0,call,75.94,0.00018,,0.0002,2455.76,246.0
1787699721,eth,1790323200000,5200.0,call,94.74,0.000373,0.0003,0.0006,2463.28,2190.0
1787699721,eth,1793347200000,2900.0,call,57.32,0.039819,0.039,0.0405,2469.3,430.0
1787699721,eth,1787904000000,3400.0,call,128.21,2.7e-05,,0.0002,2456.89,1278.0
1787699721,eth,1813910400000,4400.0,put,59.4,0.796091,0.78,0.807,2527.96,1.0
1787699721,eth,1787904000000,2000.0,call,110.02,0.186259,0.184,0.1885,2456.89,6953.0
1787699721,eth,1798185600000,1500.0,put,64.93,0.011924,0.0115,0.0125,2480.82,15821.0
1787699721,eth,1806048000000,4200.0,call,60.07,0.037718,0.0365,0.039,2502.32,2916.0
1787699721,eth,1787904000000,2580.0,put,65.58,0.055259,0.0525,0.059,2456.89,0.0
1787699721,eth,1793347200000,1000.0,call,92.77,0.595931,0.5935,0.598,2469.29,0.0
1787699721,eth,1813910400000,3100.0,put,57.05,0.358399,0.3505,0.365,2528.02,0.0
1787699721,eth,1790323200000,9000.0,put,143.14,2.653756,2.638,2.676,2463.28,0.0
1787699721,eth,1787990400000,2600.0,put,67.64,0.065249,0.0615,0.07,2456.97,0.0
1787699721,eth,1787731200000,2550.0,put,67.66,0.03869,0.036,0.043,2455.82,0.0
1787699721,eth,1788508800000,1800.0,put,88.2,0.000578,0.0005,0.0007,2458.41,1398.0
1787699721,eth,1787731200000,2520.0,call,62.86,0.000919,0.0008,0.0011,2455.82,2046.0
1787699721,eth,1787731200000,2620.0,call,82.05,5.4e-05,,0.0002,2455.82,84.0
1787699721,eth,1787904000000,1700.0,put,163.68,8.4e-05,,0.0002,2456.94,16648.0
1787699721,eth,1790323200000,2300.0,put,55.6,0.034188,0.0335,0.035,2463.28,3622.0
1787699721,eth,1813910400000,2100.0,put,57.18,0.115062,0.1135,0.117,2527.96,579.0
1787699721,eth,1788508800000,2080.0,call,63.81,0.155955,0.1525,0.1585,2458.41,102.0
1787699721,eth,1798185600000,1000.0,call,80.7,0.599698,0.5965,0.602,2480.82,55.0
1787699721,eth,1798185600000,2800.0,put,56.34,0.210982,0.206,0.215,2480.82,2392.0
1787699721,eth,1787990400000,2640.0,call,70.31,0.005153,0.0047,0.0055,2456.99,1188.0
1787699721,eth,1793347200000,1800.0,put,61.3,0.011884,0.0115,0.0125,2469.3,1286.0
1787699721,eth,1798185600000,4400.0,put,63.64,0.785874,0.776,0.7995,2480.83,20.0
1787699721,eth,1787904000000,2200.0,call,70.32,0.105101,0.1015,0.1075,2456.94,6943.0
1787699721,eth,1790323200000,3400.0,call,68.96,0.005159,0.0048,0.0055,2463.28,7593.0
1787699721,eth,1790323200000,4400.0,put,83.55,0.787045,0.7805,0.797,2463.27,281.0
1787699721,eth,1787904000000,2350.0,put,58.51,0.004256,0.004,0.0045,2456.89,2436.0
1787699721,eth,1787731200000,2540.0,put,66.21,0.03476,0.0325,0.0385,2455.76,251.0
1787699721,eth,1789113600000,1800.0,call,75.13,0.269522,0.266,0.272,2459.79,0.0
1787699721,eth,1788508800000,2650.0,call,62.48,0.013628,0.013,0.014,2458.41,3092.0
1787699721,eth,1787817600000,2350.0,call,58.44,0.045075,0.042,0.0475,2456.19,0.0
1787699721,eth,1798185600000,7000.0,put,75.91,1.823772,1.8015,1.849,2480.82,0.0
1787699721,eth,1813910400000,4000.0,call,58.55,0.071029,0.0695,0.072,2528.02,4540.0
1787699721,eth,1787817600000,2520.0,put,62.37,0.031737,0.0305,0.033,2456.2,210.0
1787699721,eth,1787904000000,2120.0,put,82.88,0.000293,0.0002,0.0004,2456.94,1283.0
1787699721,eth,1806048000000,1800.0,call,58.79,0.331199,0.3255,0.3365,2502.32,3622.0
1787699721,eth,1787817600000,2650.0,put,73.99,0.079782,0.077,0.084,2456.19,74.0
1787699721,eth,1787731200000,2540.0,call,66.22,0.000483,0.0004,0.0006,2455.82,1135.0
1787699721,eth,1787817600000,2300.0,put,63.66,0.000708,0.0007,0.0008,2456.19,256.0
1787699721,eth,1789113600000,2100.0,call,58.51,0.151761,0.1485,0.154,2459.81,1.0
1787699721,eth,1813910400000,1900.0,call,57.89,0.33174,0.3255,0.3375,2527.96,115.0
1787699721,eth,1787731200000,2100.0,call,98.06,0.144892,0.1415,0.147,2455.76,0.0
1787699721,eth,1806048000000,2000.0,put,57.41,0.075075,0.074,0.0765,2502.32,1709.0
1787699721,eth,1813910400000,3900.0,call,58.37,0.075796,0.074,0.077,2527.96,10.0
1787699721,eth,1787817600000,2480.0,put,59.49,0.019921,0.019,0.021,2456.19,429.0
1787699721,eth,1790323200000,2100.0,put,57.93,0.013959,0.0135,0.0145,2463.27,30909.0
1787699721,eth,1787990400000,2300.0,call,61.68,0.067734,0.063,0.071,2456.99,0.0
1787699721,eth,1789113600000,2400.0,put,55.28,0.034949,0.0345,0.0355,2459.81,689.0
1787699721,eth,1787990400000,2800.0,call,80.32,0.001526,0.0013,0.0017,2456.99,500.0
1787699721,eth,1788508800000,2050.0,put,65.76,0.001653,0.0016,0.0018,2458.39,1267.0
1787699721,eth,1790323200000,16000.0,put,191.41,5.495369,5.4625,5.537,2463.28,30.0
1787699721,eth,1790323200000,2050.0,put,59.2,0.011184,0.0105,0.0115,2463.28,2938.0
1787699721,eth,1787990400000,2240.0,call,64.52,0.090102,0.086,0.093,2456.97,0.0
1787699721,eth,1787990400000,2400.0,put,60.66,0.013195,0.0125,0.0135,2456.99,1081.0
1787699721,eth,1813910400000,6000.0,call,62.81,0.024562,0.024,0.025,2527.96,115.0
1787699721,eth,1789113600000,3000.0,put,67.92,0.225652,0.222,0.231,2459.79,0.0
1787699721,eth,1787817600000,2580.0,call,67.4,0.002405,0.0021,0.0026,2456.2,126.0
1787699721,eth,1806048000000,4500.0,put,60.96,0.828384,0.813,0.8415,2502.32,0.0
1787699721,eth,1790323200000,1600.0,call,78.15,0.352401,0.349,0.355,2463.28,3424.0
1787699721,eth,1806048000000,3000.0,put,56.89,0.304186,0.297,0.3105,2502.32,352.0
1787699721,eth,1788508800000,1750.0,call,93.88,0.288698,0.2855,0.291,2458.41,0.0
1787699721,eth,1787904000000,2520.0,put,61.43,0.03537,0.0345,0.037,2456.89,127.0
1787699721,eth,1813910400000,3900.0,put,58.37,0.618494,0.609,0.628,2528.02,0.0
1787699721,eth,1798185600000,5200.0,put,67.76,1.102324,1.0895,1.1205,2480.83,0.0
1787699721,eth,1798185600000,4800.0,call,65.67,0.008549,0.008,0.009,2480.82,2766.0
1787699721,eth,1813910400000,4400.0,call,59.4,0.055599,0.055,0.0565,2528.02,173.0
1787699721,eth,1813910400000,2000.0,put,57.49,0.098392,0.097,0.1,2527.96,1802.0
1787699721,eth,1788508800000,1600.0,call,107.99,0.349485,0.3465,0.3515,2458.41,18.0
1787699721,eth,1790323200000,2050.0,call,59.2,0.17898,0.175,0.182,2463.28,19.0
1787699721,eth,1798185600000,2700.0,put,56.11,0.182882,0.181,0.1845,2480.82,494.0
1787699721,eth,1787990400000,2700.0,call,73.47,0.003111,0.0029,0.0033,2456.99,507.0
1787699721,eth,1790323200000,7500.0,call,125.44,0.00018,0.0001,0.015,2463.28,1159.0
1787699721,eth,1790323200000,6800.0,put,117.86,1.760703,1.748,1.776,2463.27,0.0
1787699721,eth,1787904000000,2420.0,call,58.31,0.027062,0.026,0.028,2456.94,100.0
1787699721,eth,1787731200000,2200.0,put,93.61,1e-06,,0.0001,2455.82,532.0
1787699721,eth,1798185600000,7000.0,call,75.91,0.002147,0.0018,0.0026,2480.82,2989.0
1787699721,eth,1787731200000,2100.0,put,98.06,0.0,,0.0001,2455.76,208.0
1787699721,eth,1790323200000,2250.0,put,55.93,0.027625,0.027,0.028,2463.27,2840.0
1787699721,eth,1789113600000,2350.0,call,55.1,0.071246,0.07,0.0725,2459.81,21.0
1787699721,eth,1787731200000,2520.0,put,62.86,0.027049,0.0245,0.031,2455.82,1080.0
1787699721,eth,1787904000000,2250.0,call,64.34,0.085142,0.0815,0.0875,2456.94,3714.0
1787699721,eth,1798185600000,1800.0,put,59.42,0.027162,0.0265,0.028,2480.82,5281.0
1787699721,eth,1787817600000,2360.0,call,58.05,0.041455,0.038,0.0435,2456.2,0.0
1787699721,eth,1813910400000,1400.0,put,62.32,0.031778,0.0305,0.033,2527.96,1784.0
1787699721,eth,1813910400000,1600.0,call,60.08,0.415217,0.408,0.4205,2528.02,379.0
1787699721,eth,1798185600000,5000.0,call,66.71,0.007271,0.0065,0.008,2480.83,4553.0
1787699721,eth,1806048000000,2900.0,put,56.73,0.274745,0.269,0.2805,2502.38,258.0
1787699721,eth,1813910400000,4500.0,call,59.59,0.052384,0.0515,0.053,2527.96,1462.0
1787699721,eth,1790323200000,4500.0,call,85.51,0.000791,0.0006,0.0011,2463.28,8218.0
1787699721,eth,1787904000000,1100.0,put,201.04,0.0,,0.0001,2456.94,2338.0
1787699721,eth,1806048000000,4400.0,put,60.61,0.790585,0.776,0.8035,2502.32,2.0
1787699721,eth,1793347200000,1600.0,put,66.39,0.005939,0.0055,0.0065,2469.3,2224.0
1787699721,eth,1787817600000,2380.0,call,57.67,0.034569,0.0315,0.037,2456.2,57.0
1787699721,eth,1813910400000,4200.0,call,58.95,0.062656,0.062,0.0635,2527.96,554.0
1787699721,eth,1787817600000,2250.0,call,68.76,0.084243,0.0805,0.087,2456.19,0.0
1787699721,eth,1790323200000,7000.0,call,118.63,0.000181,0.0001,0.015,2463.28,1603.0
1787699721,eth,1787817600000,2700.0,put,78.6,0.099697,0.097,0.104,2456.2,0.0
1787699721,eth,1790323200000,11000.0,put,162.04,3.465659,3.4455,3.4935,2463.28,0.0
1787699721,eth,1789113600000,2250.0,call,55.5,0.09982,0.0985,0.101,2459.81,14.0
1787699721,eth,1790323200000,3300.0,put,66.96,0.345968,0.341,0.3525,2463.27,3.0
1787699721,eth,1787731200000,2240.0,call,90.66,0.08789,0.0855,0.0905,2455.82,0.0
1787699721,eth,1787731200000,2240.0,put,90.66,5e-06,,0.0001,2455.82,184.0
1787699721,eth,1806048000000,1000.0,call,73.23,0.607616,0.604,0.6115,2502.32,269.0
1787699721,eth,1813910400000,3300.0,call,57.3,0.114181,0.113,0.1155,2527.96,2276.0
1787699721,eth,1787904000000,2560.0,put,63.76,0.048228,0.0455,0.0515,2456.89,100.0
1787699721,eth,1813910400000,1500.0,call,61.08,0.445899,0.4385,0.451,2527.96,50.0
1787699721,eth,1790323200000,8000.0,call,131.75,0.00018,0.0001,,2463.28,1092.0
1787699721,eth,1787731200000,2560.0,put,69.33,0.042667,0.04,0.047,2455.76,0.0
1787699721,eth,1787817600000,2640.0,put,73.06,0.075844,0.073,0.0795,2456.19,50.0
1787699721,eth,1798185600000,6500.0,put,73.89,1.622861,1.604,1.6435,2480.82,0.0
1787699721,eth,1790323200000,4200.0,put,81.82,0.706259,0.699,0.7155,2463.27,551.0
1787699721,eth,1806048000000,3600.0,call,58.33,0.0613,0.06,0.0625,2502.32,2292.0
1787699721,eth,1787731200000,2320.0,call,66.81,0.055331,0.0515,0.058,2455.82,0.0
1787699721,eth,1787731200000,2280.0,put,80.77,1.3e-05,,,2455.82,167.0
1787699721,eth,1788508800000,2400.0,call,56.43,0.048765,0.048,0.05,2458.39,2001.0
1787699721,eth,1806048000000,3400.0,put,57.78,0.431597,0.4255,0.44,2502.32,6.0
1787699721,eth,1787817600000,2300.0,call,63.66,0.064325,0.0605,0.067,2456.19,0.0
1787699721,eth,1787904000000,2450.0,call,58.77,0.020292,0.0195,0.0205,2456.89,759.0
1787699721,eth,1787731200000,2380.0,call,58.52,0.031214,0.028,0.0335,2455.76,1.0
1787699721,eth,1793347200000,1400.0,call,74.11,0.436311,0.433,0.439,2469.29,50.0
1787699721,eth,1798185600000,2600.0,call,55.93,0.108552,0.1075,0.1095,2480.82,6744.0
1787699721,eth,1813910400000,2400.0,call,56.74,0.225239,0.2235,0.2285,2527.96,914.0
1787699721,eth,1813910400000,5000.0,call,60.61,0.039582,0.038,0.0405,2527.96,1347.0
1787699721,eth,1813910400000,2500.0,put,56.7,0.197299,0.1955,0.1995,2527.96,104.0
1787699721,eth,1793347200000,1850.0,put,60.0,0.013923,0.0135,0.0145,2469.3,1039.0
1787699721,eth,1787990400000,2480.0,put,61.99,0.028811,0.028,0.0305,2456.97,144.0
1787699721,eth,1787904000000,1750.0,put,151.6,8.3e-05,,0.0002,2456.94,23262.0
1787699721,eth,1787731200000,2340.0,call,63.52,0.047218,0.0435,0.05,2455.82,0.0
1787699721,eth,1787990400000,2460.0,put,61.59,0.024206,0.0235,0.025,2456.99,2514.0
1787699721,eth,1798185600000,4200.0,call,62.69,0.015031,0.0145,0.0155,2480.82,4917.0
1787699721,eth,1793347200000,2550.0,call,55.42,0.079425,0.0785,0.08,2469.3,581.0
1787699721,eth,1790323200000,8500.0,call,137.63,0.00018,0.0001,0.0006,2463.27,1253.0
1787699721,eth,1787904000000,2440.0,call,58.74,0.022447,0.0215,0.0235,2456.94,113.0
1787699721,eth,1806048000000,5000.0,put,62.5,1.019549,1.002,1.0345,2502.32,0.0
1787699721,eth,1790323200000,4500.0,put,85.51,0.827579,0.82,0.837,2463.28,6.0
1787699721,eth,1793347200000,3200.0,call,59.63,0.022611,0.022,0.023,2469.3,1704.0
1787699721,eth,1787904000000,1400.0,put,200.92,8e-06,,0.0002,2456.94,7849.0
1787699721,eth,1806048000000,800.0,call,80.11,0.684341,0.6815,0.688,2502.38,0.0
1787699721,eth,1806048000000,4400.0,call,60.61,0.032364,0.031,0.0335,2502.32,1056.0
1787699721,eth,1798185600000,3000.0,put,56.99,0.27195,0.267,0.278,2480.83,781.0
1787699721,eth,1790323200000,2500.0,put,55.94,0.072487,0.0715,0.0735,2463.28,3643.0
1787699721,eth,1790323200000,13000.0,call,174.82,0.000144,0.0001,0.0003,2463.28,2307.0
1787699721,eth,1788508800000,2250.0,put,57.17,0.007754,0.0075,0.008,2458.41,1894.0
1787699721,eth,1790323200000,7200.0,put,121.41,1.923041,1.9095,1.941,2463.28,0.0
1787699721,eth,1813910400000,1900.0,put,57.89,0.08331,0.082,0.085,2527.96,3358.0
1787699721,eth,1798185600000,4500.0,call,64.12,0.011145,0.0105,0.012,2480.83,2944.0
1787699721,eth,1793347200000,1000.0,put,92.77,0.000894,0.0007,0.0012,2469.29,1978.0
1787699721,eth,1813910400000,1400.0,call,62.32,0.477988,0.4725,0.4835,2527.96,50.0
1787699721,eth,1806048000000,2300.0,call,56.49,0.207208,0.2055,0.209,2502.32,7621.0
1787699721,eth,1788508800000,2500.0,call,58.26,0.029688,0.029,0.03,2458.39,4442.0
1787699721,eth,1787904000000,1850.0,call,141.12,0.247235,0.244,0.249,2456.94,4642.0
1787699721,eth,1790323200000,6400.0,call,112.55,0.000243,0.0001,0.015,2463.28,1928.0
1787699721,eth,1806048000000,6000.0,call,65.57,0.01228,0.0115,0.013,2502.32,5165.0
1787699721,eth,1798185600000,3500.0,put,59.13,0.44365,0.4365,0.453,2480.82,61.0
1787699721,eth,1787731200000,2500.0,put,59.76,0.01975,0.0175,0.0235,2455.82,174.0
1787699721,eth,1789113600000,2700.0,put,60.01,0.115581,0.1125,0.1195,2459.81,0.0
1787699721,eth,1787817600000,2660.0,put,74.82,0.083733,0.081,0.088,2456.2,0.0
1787699721,eth,1787904000000,1200.0,call,201.03,0.511592,0.5095,0.513,2456.89,69.0
1787699721,eth,1788508800000,2500.0,put,58.26,0.046577,0.0455,0.047,2458.39,2227.0
1787699721,eth,1793347200000,3400.0,put,61.51,0.392933,0.387,0.401,2469.29,0.0
1787699721,eth,1806048000000,3500.0,put,58.05,0.465428,0.455,0.4745,2502.32,24.0
1787699721,eth,1790323200000,3500.0,put,70.51,0.424966,0.419,0.4315,2463.28,1119.0
1787699721,eth,1788508800000,1900.0,put,77.84,0.000775,0.0007,0.0009,2458.41,2608.0
1787699721,eth,1798185600000,5200.0,call,67.76,0.00626,0.0055,0.007,2480.83,8900.0
1787699721,eth,1787990400000,2200.0,call,67.23,0.105705,0.102,0.1085,2456.99,0.0
1787699721,eth,1790323200000,6500.0,call,114.14,0.000243,0.0001,0.015,2463.28,1340.0
1787699721,eth,1793347200000,2250.0,call,55.3,0.140331,0.139,0.1415,2469.29,785.0
1787699721,eth,1788508800000,2350.0,call,56.09,0.061426,0.0605,0.063,2458.41,769.0
1787699721,eth,1793347200000,1900.0,put,59.12,0.016602,0.016,0.017,2469.3,845.0
1787699721,eth,1793347200000,2900.0,put,57.32,0.214213,0.209,0.2195,2469.29,0.0
1787699721,eth,1789113600000,3200.0,call,73.76,0.003378,0.0031,0.0036,2459.79,4967.0
1787699721,eth,1790323200000,8000.0,put,131.75,2.247803,2.232,2.266,2463.28,0.0
1787699721,eth,1790323200000,6800.0,call,117.86,0.000223,0.0001,0.0003,2463.27,1538.0
1787699721,eth,1806048000000,900.0,call,76.64,0.645861,0.643,0.6495,2502.32,68.0
1787699721,eth,1798185600000,4600.0,put,64.58,0.864345,0.8535,0.879,2480.82,0.0
1787699721,eth,1787904000000,2500.0,call,60.52,0.012074,0.0115,0.0125,2456.94,30577.0
1787699721,eth,1787990400000,2300.0,put,61.68,0.003812,0.0036,0.0041,2456.99,215.0
1787699721,eth,1790323200000,3600.0,call,72.22,0.003391,0.0031,0.0036,2463.28,3115.0
1787699721,eth,1790323200000,4600.0,put,87.13,0.868099,0.861,0.878,2463.27,38.0
1787699721,eth,1787731200000,2380.0,put,58.52,0.000336,0.0003,0.0005,2455.76,643.0
1787699721,eth,1806048000000,900.0,put,76.64,0.005497,0.005,0.006,2502.38,828.0
1787699721,eth,1787990400000,2600.0,call,67.64,0.007074,0.0065,0.0075,2456.97,1150.0
1787699721,eth,1813910400000,2600.0,put,56.68,0.221296,0.2195,0.2235,2527.96,6.0
1787699721,eth,1787731200000,2420.0,put,55.39,0.001947,0.0017,0.0022,2455.82,912.0
1787699721,eth,1787731200000,2300.0,put,72.42,1.4e-05,,0.0002,2455.82,474.0
1787699721,eth,1790323200000,15000.0,put,187.77,5.089437,5.059,5.128,2463.28,0.0
1787699721,eth,1793347200000,3100.0,put,58.82,0.282561,0.2775,0.2895,2469.29,0.0
1787699721,eth,1790323200000,12000.0,put,167.49,3.871579,3.8465,3.9015,2463.28,0.0
1787699721,eth,1793347200000,2300.0,put,55.14,0.059509,0.059,0.06,2469.29,735.0
1787699721,eth,1787731200000,2480.0,call,57.27,0.003372,0.0031,0.0036,2455.82,2190.0
1787699721,eth,1788508800000,2600.0,put,60.94,0.07523,0.074,0.0765,2458.41,0.0
1787699721,eth,1793347200000,3600.0,put,63.29,0.469453,0.463,0.478,2469.29,0.0
1787699721,eth,1787731200000,2700.0,call,89.39,3e-06,,0.0002,2455.82,93.0
1787699721,eth,1798185600000,3000.0,call,56.99,0.062682,0.062,0.0635,2480.83,7062.0
1787699721,eth,1798185600000,4200.0,put,62.69,0.708006,0.6965,0.72,2480.82,62.0
1787699721,eth,1806048000000,2100.0,call,56.96,0.251049,0.2495,0.253,2502.38,908.0
1787699721,eth,1806048000000,1300.0,call,66.05,0.4967,0.4905,0.501,2502.32,18.0
1787699721,eth,1798185600000,2200.0,put,56.13,0.07285,0.072,0.0735,2480.83,9374.0
1787699721,eth,1788508800000,2150.0,call,60.11,0.128828,0.1255,0.1315,2458.41,221.0
1787699721,eth,1787817600000,2320.0,put,60.54,0.000957,0.0008,0.0011,2456.2,50.0
1787699721,eth,1790323200000,1500.0,call,84.35,0.392514,0.3895,0.395,2463.28,969.0
1787699721,eth,1793347200000,2200.0,put,55.57,0.044363,0.0435,0.045,2469.29,458.0
1787699721,eth,1787731200000,2650.0,call,82.61,1.4e-05,,0.0002,2455.82,184.0
1787699721,eth,1787904000000,3000.0,put,93.53,0.221124,0.2175,0.2245,2456.89,5.0
1787699721,eth,1789113600000,3200.0,put,73.76,0.304265,0.3,0.3105,2459.79,0.0
1787699721,eth,1787731200000,2250.0,put,86.82,5e-06,,,2455.82,66.0
1787699721,eth,1798185600000,2100.0,call,56.61,0.21154,0.207,0.216,2480.83,1668.0
1787699721,eth,1793347200000,2500.0,put,55.22,0.09993,0.099,0.101,2469.3,82.0
1787699721,eth,1787990400000,2440.0,call,61.24,0.027007,0.026,0.0275,2456.97,0.0
1787699721,eth,1787990400000,2440.0,put,61.24,0.020063,0.0195,0.0205,2456.97,1192.0
1787699721,eth,1789113600000,2650.0,put,58.96,0.09926,0.0975,0.101,2459.79,0.0
1787699721,eth,1806048000000,4800.0,call,61.89,0.024577,0.0235,0.0255,2502.32,2951.0
1787699721,eth,1790323200000,3100.0,call,63.29,0.01013,0.0095,0.0105,2463.28,6539.0
1787699721,eth,1789113600000,2100.0,put,58.51,0.005468,0.005,0.006,2459.81,1103.0
1787699721,eth,1793347200000,2850.0,call,56.97,0.043903,0.043,0.0445,2469.3,372.0
1787699721,eth,1790323200000,1600.0,put,78.15,0.001925,0.0017,0.0022,2463.28,8603.0
1787699721,eth,1798185600000,3300.0,call,58.21,0.042207,0.0415,0.043,2480.82,2526.0
1787699721,eth,1787990400000,2500.0,call,62.69,0.016478,0.016,0.017,2456.97,1916.0
1787699721,eth,1787904000000,3400.0,put,128.21,0.383851,0.3805,0.389,2456.89,1.0
1787699721,eth,1787904000000,2400.0,call,58.09,0.032299,0.031,0.0335,2456.94,18919.0
1787699721,eth,1787904000000,2400.0,put,58.09,0.009117,0.0085,0.0095,2456.89,3210.0
1787699721,eth,1793347200000,2150.0,put,55.91,0.037987,0.0375,0.0385,2469.3,1178.0
1787699721,eth,1787817600000,2240.0,put,70.14,0.000231,0.0002,0.0003,2456.2,9.0
1787699721,eth,1798185600000,1200.0,call,73.55,0.521438,0.518,0.5245,2480.82,341.0
1787699721,eth,1798185600000,3500.0,call,59.13,0.032838,0.032,0.0335,2480.82,29034.0
1787699721,eth,1787817600000,2540.0,call,64.02,0.004327,0.0041,0.0046,2456.19,1635.0
1787699721,eth,1806048000000,2500.0,put,56.38,0.169658,0.168,0.1715,2502.32,576.0
1787699721,eth,1798185600000,1200.0,put,73.55,0.005145,0.0048,0.0055,2480.82,6901.0
1787699721,eth,1790323200000,4400.0,call,83.55,0.000852,0.0007,0.001,2463.28,4344.0
1787699721,eth,1793347200000,4000.0,call,67.03,0.006546,0.006,0.007,2469.29,876.0
1787699721,eth,1813910400000,5500.0,call,61.7,0.030782,0.03,0.0315,2527.96,535.0
1787699721,eth,1813910400000,4600.0,call,59.81,0.049473,0.049,0.0505,2527.96,46.0
1787699721,eth,1789113600000,2300.0,put,55.18,0.019819,0.019,0.0205,2459.81,777.0
1787699721,eth,1793347200000,2400.0,call,55.04,0.106134,0.105,0.107,2469.3,1863.0
1787699721,eth,1806048000000,1300.0,put,66.05,0.016179,0.015,0.017,2502.32,1596.0
1787699721,eth,1813910400000,4500.0,put,59.59,0.832431,0.815,0.8435,2527.96,1.0
1787699721,eth,1793347200000,2100.0,call,56.33,0.181955,0.178,0.1855,2469.3,1550.0
1787699721,eth,1787990400000,2360.0,call,60.83,0.047818,0.0465,0.049,2456.97,0.0
1787699721,eth,1798185600000,2700.0,call,56.11,0.094541,0.0935,0.0955,2480.82,6481.0
1787699721,eth,1793347200000,2000.0,put,57.53,0.023305,0.0225,0.024,2469.29,581.0
1787699721,eth,1787990400000,2540.0,put,64.38,0.045478,0.0445,0.0475,2456.99,0.0
1787699721,eth,1788508800000,2550.0,call,59.52,0.022925,0.0225,0.0235,2458.39,4825.0
1787699721,eth,1787904000000,1600.0,put,182.0,5.8e-05,,0.001,2456.94,12276.0
1787699721,eth,1813910400000,1800.0,call,58.41,0.357859,0.351,0.3635,2528.02,1495.0
1787699721,eth,1787731200000,2650.0,put,82.61,0.079079,0.0765,0.0835,2455.82,50.0
1787699721,eth,1787817600000,2600.0,put,69.4,0.060343,0.0575,0.064,2456.19,24.0
1787699721,eth,1793347200000,3000.0,call,58.05,0.032841,0.032,0.0335,2469.29,1566.0
1787699721,eth,1790323200000,2000.0,call,60.45,0.196974,0.1935,0.2,2463.27,29182.0
1787699721,eth,1790323200000,2250.0,call,55.93,0.114231,0.113,0.1155,2463.28,361.0
1787699721,eth,1798185600000,4500.0,put,64.12,0.825046,0.813,0.839,2480.82,2.0
1787699721,eth,1793347200000,2600.0,put,55.61,0.124876,0.1235,0.126,2469.3,258.0
1787699721,eth,1798185600000,2900.0,put,56.64,0.240741,0.2355,0.2455,2480.82,173.0
1787699721,eth,1813910400000,2000.0,call,57.49,0.307266,0.301,0.3145,2528.02,1755.0
1787699721,eth,1798185600000,4800.0,put,65.67,0.943378,0.9315,0.9585,2480.82,77.0
1787699721,eth,1793347200000,4000.0,put,67.03,0.626399,0.6195,0.637,2469.29,0.0
1787699721,eth,1790323200000,2150.0,put,57.2,0.017697,0.017,0.018,2463.27,1928.0
1787699721,eth,1787817600000,2800.0,put,88.64,0.140094,0.137,0.1445,2456.19,0.0
1787699721,eth,1813910400000,3000.0,call,56.95,0.142371,0.1405,0.144,2527.96,1280.0
1787699721,eth,1787817600000,2200.0,call,77.2,0.104477,0.101,0.107,2456.2,1.0
1787699721,eth,1798185600000,5000.0,put,66.71,1.022717,1.01,1.04,2480.82,0.0
1787699721,eth,1793347200000,2600.0,call,55.61,0.071962,0.071,0.0725,2469.29,2031.0
1787699721,eth,1806048000000,3800.0,put,58.89,0.570266,0.559,0.5805,2502.32,1.0
1787699721,eth,1798185600000,2300.0,put,55.84,0.090143,0.089,0.091,2480.82,5070.0
1787699721,eth,1790323200000,6000.0,put,105.91,1.435961,1.426,1.4495,2463.28,0.0
1787699721,eth,1798185600000,2100.0,put,56.61,0.058027,0.057,0.059,2480.82,3662.0
1787699721,eth,1788508800000,2650.0,put,62.48,0.09153,0.0885,0.0955,2458.41,0.0
1787699721,eth,1787990400000,2380.0,put,60.33,0.010418,0.01,0.011,2456.99,555.0
1787699721,eth,1787817600000,2260.0,call,66.77,0.0802,0.0765,0.083,2456.2,0.0
1787699721,eth,1787817600000,2480.0,call,59.49,0.010256,0.0095,0.0105,2456.2,615.0
1787699721,eth,1806048000000,2200.0,call,56.66,0.22815,0.2265,0.23,2502.32,4097.0
1787699721,eth,1787731200000,2360.0,call,61.87,0.039169,0.0365,0.0415,2455.76,29.0
1787699721,eth,1793347200000,2050.0,call,56.88,0.197328,0.1925,0.2015,2469.29,479.0
1787699721,eth,1798185600000,3100.0,call,57.37,0.054823,0.054,0.0555,2480.82,2336.0
1787699721,eth,1787904000000,1950.0,call,122.0,0.20661,0.203,0.2085,2456.94,5576.0
1787699721,eth,1806048000000,1600.0,call,60.89,0.393276,0.3875,0.399,2502.32,892.0
1787699721,eth,1798185600000,3200.0,call,57.73,0.047966,0.047,0.049,2480.82,67933.0
1787699721,eth,1798185600000,4400.0,call,63.64,0.012281,0.0115,0.013,2480.83,3491.0
1787699721,eth,1806048000000,4000.0,call,59.41,0.043922,0.0425,0.0455,2502.32,2457.0
1787699721,eth,1790323200000,7400.0,put,124.12,2.004232,1.9905,2.0225,2463.28,0.0
1787699721,eth,1787990400000,2660.0,call,70.9,0.004259,0.004,0.0045,2456.97,6.0
1787699721,eth,1787990400000,2200.0,put,67.23,0.001085,0.0009,0.0012,2456.99,1502.0
1787699721,eth,1793347200000,2100.0,put,56.33,0.032378,0.0315,0.033,2469.29,921.0
1787699721,eth,1788508800000,2100.0,call,62.7,0.148131,0.1445,0.151,2458.41,1462.0
1787699721,eth,1787904000000,1300.0,call,200.99,0.470892,0.4685,0.4725,2456.94,51.0
1787699721,eth,1790323200000,2800.0,put,58.97,0.160271,0.156,0.165,2463.28,1337.0
1787699721,eth,1787731200000,2660.0,put,83.63,0.083147,0.0805,0.0875,2455.76,0.0
1787699721,eth,1787904000000,1500.0,call,200.92,0.38953,0.387,0.3915,2456.94,442.0
1787699721,eth,1790323200000,6200.0,call,109.3,0.000243,0.0001,0.015,2463.27,2024.0
1787699721,eth,1789113600000,2150.0,put,57.24,0.007601,0.0075,0.008,2459.81,1657.0
1787699721,eth,1789113600000,2150.0,call,57.24,0.133568,0.1305,0.1365,2459.79,0.0
1787699721,eth,1787904000000,2800.0,put,80.99,0.140203,0.1375,0.144,2456.89,0.0
1787699721,eth,1806048000000,4600.0,call,61.23,0.028093,0.027,0.029,2502.32,1438.0
1787699721,eth,1790323200000,1700.0,put,72.43,0.002624,0.0024,0.0029,2463.27,7684.0
1787699721,eth,1787817600000,2460.0,call,58.72,0.013584,0.013,0.014,2456.2,69.0
1787699721,eth,1793347200000,3600.0,call,63.29,0.011586,0.011,0.012,2469.29,4657.0
1787699721,eth,1806048000000,2000.0,call,57.41,0.275884,0.271,0.2815,2502.32,1848.0
1787699721,eth,1790323200000,5600.0,put,101.55,1.273665,1.2645,1.2855,2463.28,0.0
1787699721,eth,1788508800000,2200.0,call,58.45,0.110243,0.107,0.113,2458.41,1241.0
1787699721,eth,1790323200000,5500.0,call,100.52,0.000361,0.0002,0.0006,2463.27,2067.0
1787699721,eth,1813910400000,5000.0,put,60.61,1.017399,0.9995,1.0305,2527.96,0.0
1787699721,eth,1793347200000,3100.0,call,58.82,0.027175,0.0265,0.028,2469.3,138.0
1787699721,eth,1813910400000,3500.0,call,57.67,0.099322,0.098,0.1005,2528.02,2815.0
1787699721,eth,1813910400000,3600.0,put,57.84,0.516718,0.509,0.525,2527.96,0.0
1787699721,eth,1790323200000,1700.0,call,72.43,0.312504,0.309,0.3155,2463.28,2204.0
1787699721,eth,1806048000000,1400.0,put,64.03,0.02054,0.0195,0.022,2502.32,1813.0
1787699721,eth,1787990400000,2800.0,put,80.32,0.1411,0.1375,0.146,2456.99,0.0
1787699721,eth,1788508800000,2450.0,call,57.14,0.038186,0.0375,0.039,2458.39,419.0
1787699721,eth,1790323200000,7500.0,put,125.44,2.044827,2.0305,2.0615,2463.28,0.0
1787699721,eth,1787904000000,2700.0,put,73.18,0.100348,0.0975,0.1035,2456.94,0.0
1787699721,eth,1806048000000,1800.0,put,58.79,0.050471,0.049,0.0515,2502.32,4645.0
1787699721,eth,1790323200000,2200.0,call,56.22,0.128862,0.128,0.1305,2463.28,8053.0
1787699721,eth,1806048000000,3500.0,call,58.05,0.066844,0.0655,0.068,2502.32,4207.0
1787699721,eth,1793347200000,3800.0,put,65.09,0.547426,0.541,0.5565,2469.3,0.0
1787699721,eth,1790323200000,5500.0,put,100.52,1.233102,1.223,1.2455,2463.27,1.0
1787699721,eth,1787817600000,2220.0,put,72.88,0.00017,0.0001,0.0003,2456.2,18.0
1787699721,eth,1793347200000,2200.0,call,55.57,0.153429,0.1525,0.1545,2469.29,1295.0
1787699721,eth,1813910400000,1500.0,put,61.08,0.039244,0.038,0.0405,2527.96,462.0
1787699721,eth,1787904000000,2600.0,put,66.34,0.062295,0.0595,0.066,2456.94,467.0
1787699721,eth,1806048000000,3600.0,put,58.33,0.499844,0.4925,0.509,2502.32,1.0
1787699721,eth,1790323200000,2900.0,call,60.33,0.017643,0.017,0.018,2463.28,9069.0
1787699721,eth,1806048000000,1900.0,call,58.0,0.302594,0.2975,0.308,2502.38,2451.0
1787699721,eth,1787817600000,2400.0,put,57.45,0.005309,0.005,0.0055,2456.2,297.0
1787699721,eth,1787817600000,2320.0,call,60.54,0.056432,0.0525,0.059,2456.2,0.0
1787699721,eth,1790323200000,5400.0,put,98.58,1.192508,1.1825,1.2045,2463.27,4.0
1787699721,eth,1787904000000,3600.0,call,139.81,1.2e-05,,,2456.94,1726.0
1787699721,eth,1790323200000,1900.0,put,64.17,0.005903,0.0055,0.0065,2463.28,20120.0
1787699721,eth,1787817600000,2100.0,call,99.05,0.145127,0.1415,0.1475,2456.19,0.0
1787699721,eth,1787731200000,2350.0,put,62.66,8.8e-05,,0.0002,2455.82,693.0
1787699721,eth,1790323200000,3400.0,put,68.96,0.385399,0.38,0.392,2463.28,870.0
1787699721,eth,1806048000000,1900.0,put,58.0,0.061826,0.0605,0.063,2502.32,2685.0
1787699721,eth,1787904000000,3800.0,call,144.81,3e-06,,0.0013,2456.94,2520.0
1787699721,eth,1788508800000,1850.0,put,82.9,0.000663,0.0006,0.0008,2458.41,1528.0
1787699721,eth,1793347200000,2700.0,call,56.05,0.058998,0.0585,0.0595,2469.29,1053.0
1787699721,eth,1787904000000,2700.0,call,73.18,0.001429,0.0013,0.0016,2456.89,2139.0
1787699721,eth,1787990400000,2650.0,put,70.41,0.08317,0.0795,0.0875,2456.99,0.0
1787699721,eth,1787990400000,2680.0,call,72.17,0.003633,0.0034,0.0038,2456.99,4.0
1787699721,eth,1787904000000,2460.0,put,59.04,0.019593,0.019,0.02,2456.89,227.0
1787699721,eth,1790323200000,7400.0,call,124.12,0.00018,0.0001,0.015,2463.27,1014.0
1787699721,eth,1790323200000,5200.0,put,94.74,1.111328,1.1035,1.1235,2463.28,3.0
1787699721,eth,1788508800000,1850.0,call,82.9,0.248165,0.245,0.2505,2458.39,70.0
1787699721,eth,1790323200000,14000.0,put,181.55,4.683484,4.656,4.7185,2463.28,0.0
1787699721,eth,1787904000000,2020.0,call,105.28,0.178118,0.1745,0.1805,2456.94,0.0
1787699721,eth,1798185600000,2600.0,put,55.93,0.156584,0.155,0.158,2480.83,1061.0
1787699721,eth,1788508800000,2300.0,call,56.45,0.076189,0.075,0.0775,2458.41,2533.0
1787699721,eth,1790323200000,6400.0,put,112.55,1.598342,1.586,1.613,2463.28,0.0
1787699721,eth,1787904000000,2050.0,put,98.23,0.000272,0.0001,0.0005,2456.94,1866.0
1787699721,eth,1787817600000,2280.0,put,66.49,0.000516,0.0005,0.0006,2456.2,312.0
1787699721,eth,1787990400000,2500.0,put,62.69,0.033954,0.033,0.0355,2456.97,105.0
1787699721,eth,1787817600000,2150.0,put,85.14,8.1e-05,,0.0003,2456.19,7.0
1787699721,eth,1789113600000,2350.0,put,55.1,0.026585,0.026,0.027,2459.81,1084.0
1787699721,eth,1787990400000,2560.0,put,65.48,0.051816,0.0505,0.0535,2456.99,0.0
1787699721,eth,1787731200000,2480.0,put,57.27,0.013214,0.012,0.0145,2455.82,580.0
1787699721,eth,1790323200000,6600.0,put,115.7,1.679532,1.667,1.6945,2463.28,0.0
1787699721,eth,1790323200000,2800.0,call,58.97,0.023603,0.023,0.024,2463.28,11697.0
1787699721,eth,1787904000000,1950.0,put,122.0,0.000273,0.0002,0.015,2456.89,4898.0
1787699721,eth,1798185600000,2900.0,call,56.64,0.071782,0.071,0.0725,2480.82,2974.0
1787699721,eth,1787990400000,2340.0,put,60.87,0.006437,0.006,0.007,2456.99,200.0
1787699721,eth,1788508800000,2800.0,put,67.86,0.145461,0.142,0.1495,2458.41,0.0
1787699721,eth,1787817600000,2620.0,put,70.75,0.067996,0.0655,0.071,2456.2,0.0
1787699721,eth,1806048000000,2700.0,put,56.49,0.219458,0.2165,0.2215,2502.32,147.0
1787699721,eth,1789113600000,2500.0,put,56.38,0.056586,0.0555,0.0575,2459.79,64.0
1787699721,eth,1790323200000,3500.0,call,70.51,0.004131,0.0038,0.0044,2463.28,16222.0
1787699721,eth,1787904000000,2420.0,put,58.31,0.012019,0.0115,0.0125,2456.94,659.0
1787699721,eth,1790323200000,1800.0,call,67.92,0.273151,0.2695,0.276,2463.28,6267.0
1787699721,eth,1787731200000,2460.0,call,55.85,0.006231,0.0055,0.007,2455.82,457.0
1787699721,eth,1806048000000,3400.0,call,57.78,0.072972,0.0715,0.0745,2502.32,1880.0
1787699721,eth,1787817600000,2240.0,call,70.14,0.088276,0.0845,0.091,2456.2,0.0
1787699721,eth,1813910400000,900.0,put,71.88,0.009242,0.0085,0.01,2527.96,837.0
1787699721,eth,1787817600000,2500.0,call,60.85,0.007724,0.0075,0.008,2456.2,605.0
1787699721,eth,1787904000000,2080.0,put,91.23,0.000271,0.0001,0.0004,2456.89,868.0
1787699721,eth,1788508800000,1600.0,put,107.99,0.000294,0.0001,0.0095,2458.39,1021.0
1787699721,eth,1813910400000,1300.0,call,63.89,0.51141,0.5065,0.5165,2528.02,108.0
1787699721,eth,1787904000000,1600.0,call,182.0,0.348847,0.346,0.3505,2456.94,885.0
1787699721,eth,1790323200000,1850.0,put,65.83,0.004719,0.0044,0.005,2463.27,6625.0
1787699721,eth,1798185600000,1500.0,call,64.93,0.40729,0.4035,0.4115,2480.82,755.0
1787699721,eth,1787990400000,2280.0,put,62.29,0.00291,0.0027,0.0032,2456.97,18.0
1787699721,eth,1793347200000,3400.0,call,61.51,0.016058,0.0155,0.0165,2469.29,2835.0
1787699721,eth,1787817600000,2600.0,call,69.4,0.001823,0.0016,0.002,2456.2,955.0
1787699721,eth,1787904000000,1300.0,put,200.99,1e-06,,0.0001,2456.94,9048.0
1787699721,eth,1790323200000,5000.0,put,92.69,1.030239,1.0225,1.041,2463.27,2.0
1787699721,eth,1787904000000,1450.0,call,200.92,0.409858,0.408,0.4115,2456.89,51.0
1787699721,eth,1787904000000,2580.0,call,65.58,0.00518,0.0048,0.0055,2456.94,11.0
1787699721,eth,1787731200000,2580.0,put,75.94,0.050741,0.048,0.055,2455.82,500.0
1787699721,eth,1798185600000,11000.0,put,84.08,3.434277,3.3995,3.448,2480.83,359.0
1787699721,eth,1798185600000,2800.0,call,56.34,0.082332,0.0815,0.083,2480.83,7116.0
1787699721,eth,1793347200000,1800.0,call,61.3,0.282936,0.279,0.2865,2469.29,104.0
1787699721,eth,1788508800000,2350.0,put,56.09,0.017301,0.017,0.018,2458.41,568.0
1787699721,eth,1813910400000,1800.0,put,58.41,0.069875,0.0685,0.0715,2527.96,887.0
1787699721,eth,1798185600000,3400.0,put,58.66,0.407687,0.401,0.4165,2480.82,89.0
1787699721,eth,1798185600000,8000.0,put,79.21,2.226034,2.202,2.252,2480.82,0.0
1787699721,eth,1793347200000,2500.0,call,55.22,0.087522,0.0865,0.0885,2469.3,1737.0
1787699721,eth,1787904000000,1800.0,put,141.43,9.2e-05,,0.0105,2456.89,6704.0
1787699721,eth,1798185600000,1000.0,put,80.7,0.002787,0.0025,0.0031,2480.82,18436.0
1787699721,eth,1787731200000,2440.0,put,55.76,0.004252,0.0039,0.0046,2455.76,760.0
1787699721,eth,1806048000000,3300.0,put,57.55,0.398537,0.395,0.4065,2502.32,1.0
1787699721,eth,1787990400000,2380.0,call,60.33,0.041781,0.0405,0.043,2456.97,0.0
1787699721,eth,1790323200000,14000.0,call,181.55,0.000144,0.0001,0.0002,2463.28,1212.0
1787699721,eth,1787817600000,2700.0,call,78.6,0.000465,0.0003,0.0006,2456.2,342.0
1787699721,eth,1813910400000,3700.0,put,57.98,0.550087,0.5425,0.559,2528.02,0.0
1787699721,eth,1787904000000,2000.0,put,110.02,0.000273,0.0002,0.0115,2456.89,2706.0
1787699721,eth,1787904000000,3600.0,put,139.81,0.465237,0.461,0.4695,2456.89,17.0
1787699721,eth,1787817600000,2420.0,put,57.52,0.007773,0.0075,0.008,2456.2,984.0
1787699721,eth,1787731200000,2800.0,put,97.01,0.140144,0.1375,0.1435,2455.82,0.0
1787699721,eth,1798185600000,1400.0,call,67.31,0.444614,0.4405,0.448,2480.82,938.0
1787699721,eth,1806048000000,2600.0,put,56.41,0.193811,0.1925,0.1955,2502.32,626.0
1787699721,eth,1789113600000,2550.0,put,57.14,0.069598,0.0685,0.071,2459.79,37.0
1787699721,eth,1790323200000,1850.0,call,65.83,0.253706,0.25,0.2565,2463.28,2239.0
1787699721,eth,1790323200000,4600.0,call,87.13,0.000716,0.0005,0.001,2463.27,4377.0
1787699721,eth,1806048000000,2800.0,call,56.59,0.127587,0.126,0.129,2502.32,5029.0
1787699721,eth,1787990400000,2360.0,put,60.83,0.008315,0.008,0.0085,2456.99,0.0
1787699721,eth,1790323200000,10000.0,call,153.2,0.00018,0.0001,0.005,2463.28,1531.0
1787699721,eth,1813910400000,2300.0,call,56.83,0.243463,0.2415,0.2465,2527.96,224.0
1787699721,eth,1813910400000,2700.0,call,56.71,0.178571,0.1765,0.1805,2527.96,316.0
1787699721,eth,1788508800000,1950.0,put,73.53,0.00097,0.0009,0.0011,2458.41,1019.0
1787699721,eth,1787904000000,1900.0,put,132.86,0.000253,0.0002,0.009,2456.94,6465.0
1787699721,eth,1790323200000,3800.0,put,75.81,0.545027,0.5395,0.5535,2463.28,943.0
1787699721,eth,1790323200000,16000.0,call,191.41,0.000123,,0.0002,2463.28,9839.0
1787699721,eth,1787817600000,2220.0,call,72.88,0.096356,0.094,0.099,2456.19,0.0
1787699721,eth,1798185600000,3300.0,put,58.21,0.372402,0.3655,0.3805,2480.83,10.0
1787699721,eth,1787990400000,2340.0,call,60.87,0.05408,0.05,0.0575,2456.99,0.0
1787699721,eth,1798185600000,3400.0,call,58.66,0.037183,0.0365,0.038,2480.82,14106.0
1787699721,eth,1790323200000,3200.0,call,65.37,0.008073,0.0075,0.0085,2463.28,9913.0
1787699721,eth,1790323200000,6200.0,put,109.3,1.517151,1.5055,1.531,2463.27,0.0
1787699721,eth,1787904000000,1700.0,call,163.68,0.308173,0.306,0.31,2456.94,932.0
1787699721,eth,1798185600000,2000.0,call,57.3,0.239405,0.2355,0.2435,2480.83,10830.0
1787699721,eth,1787990400000,2100.0,call,77.57,0.145755,0.142,0.1485,2456.99,0.0
1787699721,eth,1787904000000,2550.0,put,63.45,0.044957,0.042,0.0475,2456.94,203.0
1787699721,eth,1790323200000,1000.0,put,122.18,0.00037,0.0001,0.0028,2463.28,10770.0
1787699721,eth,1787817600000,2100.0,put,99.05,8.5e-05,,0.0145,2456.2,506.0
1787699721,eth,1788508800000,3000.0,call,75.29,0.00274,0.0025,0.003,2458.41,1349.0
1787699721,eth,1790323200000,1000.0,call,122.18,0.594418,0.5925,0.5965,2463.27,5785.0
1787699721,eth,1813910400000,5500.0,put,61.7,1.206397,1.1835,1.221,2527.96,0.0
1787699721,eth,1793347200000,1850.0,call,60.0,0.264741,0.2605,0.2685,2469.3,1079.0
1787699721,eth,1813910400000,3800.0,put,58.2,0.584165,0.577,0.593,2527.96,2.0
1787699721,eth,1798185600000,800.0,put,89.13,0.001381,0.0012,0.0016,2480.82,7217.0
1787699721,eth,1813910400000,3000.0,put,56.95,0.329061,0.3215,0.335,2527.96,218.0
1787699721,eth,1806048000000,800.0,put,80.11,0.004018,0.0036,0.0045,2502.32,2791.0
1787699721,eth,1793347200000,2300.0,call,55.14,0.128094,0.127,0.1295,2469.3,1021.0
1787699721,eth,1798185600000,2000.0,put,57.3,0.045584,0.045,0.0465,2480.83,8944.0
1787699721,eth,1787904000000,2200.0,put,70.32,0.000517,0.0005,0.0006,2456.94,4746.0
1787699721,eth,1798185600000,800.0,call,89.13,0.678909,0.6765,0.681,2480.82,171.0
1787699721,eth,1793347200000,2750.0,put,56.34,0.167096,0.163,0.1725,2469.3,0.0
1787699721,eth,1798185600000,5500.0,call,69.36,0.005103,0.0047,0.0055,2480.83,1908.0
1787699721,eth,1806048000000,4500.0,call,60.96,0.030203,0.029,0.0315,2502.38,2461.0
1787699721,eth,1798185600000,4000.0,call,61.56,0.018407,0.018,0.019,2480.83,16699.0
1787699721,eth,1787731200000,2220.0,put,93.53,2e-06,,0.0001,2455.82,160.0
1787699721,eth,1790323200000,1200.0,call,100.23,0.513273,0.511,0.5155,2463.27,138.0
1787699721,eth,1787990400000,2660.0,put,70.9,0.086854,0.0835,0.092,2456.99,0.0
1787699721,eth,1787990400000,2580.0,put,66.35,0.058355,0.0545,0.063,2456.97,0.0
1787699721,eth,1787731200000,2200.0,call,93.61,0.104173,0.1005,0.1065,2455.76,0.0
1787699721,eth,1787990400000,2460.0,call,61.59,0.023009,0.022,0.024,2456.99,25.0
1787699721,eth,1789113600000,1800.0,put,75.13,0.001271,0.0012,0.0014,2459.81,2021.0
1787699721,eth,1790323200000,3000.0,call,61.89,0.013375,0.013,0.014,2463.28,34967.0
1787699721,eth,1790323200000,4000.0,put,78.87,0.625522,0.619,0.6335,2463.28,138.0
1787699721,eth,1790323200000,2150.0,call,57.2,0.144899,0.1435,0.1465,2463.28,113.0
1787699721,eth,1790323200000,6500.0,put,114.14,1.638937,1.627,1.6535,2463.27,0.0
1787699721,eth,1787990400000,2580.0,call,66.35,0.008319,0.008,0.009,2456.99,2548.0
1787699721,eth,1813910400000,4600.0,put,59.81,0.869078,0.851,0.8805,2527.96,0.0
1787699721,eth,1787731200000,2300.0,call,72.42,0.063467,0.061,0.066,2455.76,2.0
1787699721,eth,1790323200000,5800.0,put,104.66,1.354835,1.3445,1.368,2463.27,0.0
1787699721,eth,1813910400000,1200.0,call,65.61,0.545725,0.5415,0.5505,2527.96,55.0
1787699721,eth,1787731200000,2260.0,put,82.7,5e-06,,,2455.82,0.0
1787699721,eth,1793347200000,1200.0,call,82.98,0.515813,0.513,0.518,2469.29,0.0
1787699721,eth,1793347200000,1700.0,call,63.68,0.319977,0.315,0.3235,2469.3,26.0
1787699721,eth,1798185600000,1300.0,put,70.11,0.006722,0.006,0.0075,2480.83,2150.0
1787699721,eth,1788508800000,2400.0,put,56.43,0.024978,0.0245,0.0255,2458.41,1801.0
1787699721,eth,1790323200000,2600.0,call,56.67,0.042816,0.042,0.043,2463.28,16678.0
1787699721,eth,1806048000000,1200.0,put,68.11,0.012468,0.0115,0.0135,2502.32,1661.0
1787699721,eth,1790323200000,7000.0,put,118.63,1.841851,1.829,1.859,2463.28,0.0
1787699721,eth,1790323200000,1900.0,call,64.17,0.234593,0.231,0.2375,2463.28,10647.0
1787699721,eth,1798185600000,2300.0,call,55.84,0.163037,0.162,0.1645,2480.82,8045.0
1787699721,eth,1787904000000,2050.0,call,98.23,0.165907,0.1625,0.1685,2456.94,16539.0
1787699721,eth,1787990400000,2700.0,put,73.47,0.101986,0.098,0.1065,2456.99,0.0
1787699721,eth,1793347200000,3000.0,put,58.05,0.24773,0.2425,0.255,2469.29,72.0
1787699721,eth,1787731200000,2550.0,call,67.66,0.000344,0.0002,0.0004,2455.82,102.0
1787699721,eth,1793347200000,2650.0,call,55.8,0.06515,0.0645,0.066,2469.3,274.0
1787699721,eth,1788508800000,2700.0,put,64.18,0.108823,0.106,0.113,2458.41,0.0
1787699721,eth,1787990400000,2320.0,put,61.45,0.005027,0.005,0.0055,2456.97,300.0
1787699721,eth,1787904000000,1800.0,call,141.43,0.26748,0.2645,0.2695,2456.94,5389.0
1787699721,eth,1789113600000,2200.0,call,56.01,0.116064,0.115,0.1175,2459.79,0.0
1787699721,eth,1787990400000,2100.0,put,77.57,0.000435,0.0003,0.0005,2456.99,11.0
1787699721,eth,1793347200000,4200.0,call,69.13,0.005193,0.0048,0.0055,2469.29,180.0
1787699721,eth,1806048000000,3700.0,call,58.61,0.056312,0.055,0.0575,2502.32,1530.0
1787699721,eth,1806048000000,5000.0,call,62.5,0.021571,0.0205,0.0225,2502.32,2302.0
1787699721,eth,1806048000000,1200.0,call,68.11,0.532953,0.529,0.5375,2502.32,68.0
1787699721,eth,1790323200000,2700.0,put,57.68,0.127788,0.126,0.1295,2463.28,557.0
1787699721,eth,1789113600000,2450.0,put,55.74,0.044982,0.044,0.0455,2459.79,974.0
1787699721,eth,1788508800000,2550.0,put,59.52,0.060151,0.059,0.0615,2458.39,32.0
1787699721,eth,1806048000000,2500.0,call,56.38,0.170669,0.169,0.1725,2502.32,9383.0
1787699721,eth,1790323200000,2300.0,call,55.6,0.100497,0.0995,0.102,2463.28,14260.0
1787699721,eth,1787904000000,2440.0,put,58.74,0.015546,0.015,0.016,2456.89,393.0
1787699721,eth,1790323200000,1400.0,put,90.63,0.001066,0.0009,0.0013,2463.28,10959.0
1787699721,eth,1806048000000,1500.0,put,62.35,0.026,0.025,0.0275,2502.32,4074.0
1787699721,eth,1813910400000,2700.0,put,56.71,0.246592,0.2425,0.25,2527.96,6.0
1787699721,eth,1813910400000,2900.0,call,56.86,0.15344,0.1515,0.155,2527.96,283.0
1787699721,eth,1813910400000,1700.0,put,59.16,0.05823,0.057,0.0595,2527.96,3042.0
1787699721,eth,1793347200000,1200.0,put,82.98,0.001769,0.0015,0.0021,2469.3,2650.0
1787699721,eth,1787817600000,2580.0,put,67.4,0.052783,0.05,0.0565,2456.2,0.0
1787699721,eth,1806048000000,1500.0,call,62.35,0.426607,0.422,0.432,2502.32,242.0
1787699721,eth,1788508800000,2250.0,call,57.17,0.092554,0.0895,0.095,2458.41,573.0
1787699721,eth,1787990400000,2520.0,call,63.52,0.013918,0.0135,0.0145,2456.97,1000.0
1787699721,eth,1793347200000,2450.0,put,55.1,0.088587,0.0875,0.0895,2469.3,106.0
1787699721,eth,1789113600000,2400.0,call,55.28,0.059283,0.0585,0.0605,2459.79,786.0
1787699721,eth,1790323200000,3800.0,call,75.81,0.002406,0.0021,0.0027,2463.27,2032.0
1787699721,eth,1790323200000,3300.0,call,66.96,0.006323,0.006,0.007,2463.27,19590.0
1787699721,eth,1793347200000,1950.0,put,58.24,0.019657,0.019,0.0205,2469.3,951.0
1787699721,eth,1806048000000,3300.0,call,57.55,0.079857,0.0785,0.081,2502.32,2191.0
1787699721,eth,1813910400000,4200.0,put,58.95,0.724022,0.709,0.7345,2527.96,3.0
1787699721,eth,1787904000000,2120.0,call,82.88,0.137438,0.134,0.14,2456.89,84.0
1787699721,eth,1790323200000,2200.0,put,56.22,0.021958,0.0215,0.0225,2463.28,7810.0
1787699721,eth,1798185600000,1300.0,call,70.11,0.482706,0.479,0.486,2480.82,50.0
1787699721,eth,1790323200000,3200.0,put,65.37,0.307122,0.302,0.313,2463.28,1323.0
1787699721,eth,1787904000000,2550.0,call,63.45,0.007089,0.0065,0.0075,2456.89,2122.0
1787699721,eth,1787904000000,2600.0,call,66.34,0.004076,0.0039,0.0043,2456.89,8432.0
1787699721,eth,1787817600000,2520.0,call,62.37,0.005787,0.0055,0.006,2456.19,400.0
1787699721,eth,1806048000000,3000.0,call,56.89,0.105399,0.104,0.107,2502.32,3853.0
1787699721,eth,1788508800000,2450.0,put,57.14,0.034737,0.034,0.0355,2458.41,781.0
1787699721,eth,1790323200000,1200.0,put,100.23,0.000416,0.0005,0.0008,2463.28,12510.0
1787699721,eth,1793347200000,1700.0,put,63.68,0.008415,0.008,0.009,2469.3,1260.0
1787699721,eth,1787817600000,2680.0,put,77.15,0.091712,0.089,0.096,2456.2,0.0
1787699721,eth,1798185600000,1900.0,put,58.3,0.035474,0.0345,0.036,2480.82,5187.0
1787699721,eth,1787904000000,2560.0,call,63.76,0.006289,0.006,0.0065,2456.89,986.0
1787699721,eth,1787817600000,2200.0,put,77.2,0.000148,,0.0003,2456.2,70.0
1787699721,eth,1790323200000,7200.0,call,121.41,0.000181,0.0001,0.015,2463.27,1240.0
1787699721,eth,1787904000000,1550.0,call,191.34,0.369187,0.3665,0.371,2456.94,131.0
1787699721,eth,1789113600000,2800.0,call,62.33,0.012136,0.0115,0.0125,2459.79,5504.0
1787699721,eth,1813910400000,3200.0,call,57.17,0.122769,0.121,0.1245,2527.96,1269.0
1787699721,eth,1787904000000,3200.0,call,109.88,4e-05,,0.0002,2456.94,2816.0
1787699721,eth,1787731200000,2600.0,put,81.75,0.058832,0.056,0.063,2455.76,24.0
1787699721,eth,1787731200000,2560.0,call,69.33,0.00025,0.0001,0.0003,2455.76,603.0
1787699721,eth,1788508800000,1700.0,call,98.21,0.308934,0.306,0.311,2458.41,18.0
1787699721,eth,1788508800000,2000.0,put,69.54,0.001252,0.0012,0.0014,2458.39,2352.0
1787699721,eth,1789113600000,2500.0,call,56.38,0.040268,0.0395,0.041,2459.81,1252.0
1787699721,eth,1790323200000,6600.0,call,115.7,0.000243,0.0001,0.015,2463.28,1495.0
1787699721,eth,1787904000000,1000.0,call,201.04,0.592993,0.591,0.5945,2456.89,50.0
1787699721,eth,1787817600000,2650.0,call,73.99,0.000906,0.0007,0.001,2456.19,135.0
1787699721,eth,1793347200000,1600.0,call,66.39,0.357998,0.3535,0.361,2469.29,68.0
1787699721,eth,1788508800000,2600.0,call,60.94,0.017666,0.017,0.018,2458.41,10197.0
1787699721,eth,1787990400000,2560.0,call,65.48,0.00992,0.0095,0.0105,2456.97,668.0
1787699721,eth,1806048000000,3100.0,call,57.1,0.095989,0.0945,0.0975,2502.32,1985.0
1787699721,eth,1789113600000,2300.0,call,55.18,0.084806,0.0835,0.086,2459.79,87.0
1787699721,eth,1789113600000,3000.0,call,67.92,0.00607,0.0055,0.0065,2459.79,5754.0
1787699721,eth,1790323200000,2400.0,put,55.48,0.050927,0.05,0.0515,2463.27,5363.0
1787699721,eth,1790323200000,2900.0,put,60.33,0.194906,0.191,0.2005,2463.28,49.0
1787699721,eth,1813910400000,6000.0,put,62.81,1.39796,1.372,1.414,2527.96,1.0
1787699721,eth,1790323200000,15000.0,call,187.77,0.000144,0.0001,0.0002,2463.28,1394.0
1787699721,eth,1787904000000,2150.0,put,77.08,0.000325,0.0002,0.0005,2456.94,2251.0
1787699721,eth,1790323200000,5600.0,call,101.55,0.000329,0.0002,0.0005,2463.28,7184.0
1787699721,eth,1813910400000,3100.0,call,57.05,0.132153,0.1305,0.1335,2527.96,118.0
1787699721,eth,1806048000000,2700.0,call,56.49,0.14055,0.139,0.142,2502.32,3034.0
1787699721,eth,1788508800000,2000.0,call,69.54,0.187741,0.184,0.19,2458.41,4143.0
1787699721,eth,1790323200000,3000.0,put,61.89,0.231233,0.2265,0.237,2463.28,7522.0
1787699721,eth,1787731200000,2340.0,put,63.52,5.2e-05,,0.0002,2455.82,181.0
1787699721,eth,1798185600000,3600.0,put,59.55,0.480125,0.472,0.4905,2480.83,93.0
1787699721,eth,1790323200000,5000.0,call,92.69,0.000475,0.0003,0.0007,2463.27,4592.0
1787699721,eth,1787904000000,2250.0,put,64.34,0.000908,0.0008,0.0011,2456.94,1733.0
1787699721,eth,1813910400000,2200.0,call,57.0,0.263234,0.2615,0.2665,2528.02,1051.0
1787699721,eth,1798185600000,3600.0,call,59.55,0.029004,0.0285,0.03,2480.82,2541.0
1787699721,eth,1798185600000,9000.0,call,80.96,0.000755,0.0006,0.0012,2480.82,2066.0
1787699721,eth,1813910400000,900.0,call,71.88,0.653235,0.6485,0.658,2527.96,0.0
1787699721,eth,1787990400000,2650.0,call,70.41,0.004645,0.0044,0.0048,2456.99,0.0
1787699721,eth,1793347200000,2350.0,call,55.06,0.116688,0.1155,0.118,2469.29,196.0
1787699721,eth,1790323200000,2700.0,call,57.68,0.031715,0.031,0.032,2463.28,10917.0
1787699721,eth,1790323200000,11000.0,call,162.04,0.000177,0.0001,0.0002,2463.27,2752.0
1787699721,eth,1793347200000,2750.0,call,56.34,0.053447,0.0525,0.054,2469.3,450.0
1787699721,eth,1787731200000,2260.0,call,82.7,0.079746,0.076,0.082,2455.76,0.0
1787699721,eth,1787904000000,2100.0,put,86.86,0.000277,0.0001,0.0004,2456.89,3334.0
1787699721,eth,1813910400000,3700.0,call,57.98,0.086501,0.0855,0.0875,2527.96,0.0
1787699721,eth,1790323200000,10000.0,put,153.2,3.059709,3.0425,3.084,2463.28,0.0
1787699721,eth,1798185600000,2200.0,call,56.13,0.186054,0.185,0.1875,2480.82,52426.0
1787699721,eth,1788508800000,2150.0,put,60.11,0.003352,0.0032,0.0036,2458.39,1046.0
1787699721,eth,1806048000000,2100.0,put,56.96,0.0902,0.089,0.0915,2502.32,708.0
1787699721,eth,1789113600000,2700.0,call,60.01,0.017958,0.0175,0.0185,2459.81,1333.0
1787699721,eth,1787817600000,2280.0,call,66.49,0.072275,0.0685,0.075,2456.2,0.0
1787699721,eth,1813910400000,2500.0,call,56.7,0.208391,0.2065,0.2105,2528.02,3196.0
1787699721,eth,1798185600000,4000.0,put,61.56,0.630764,0.621,0.6425,2480.82,223.0
1787699721,eth,1813910400000,800.0,put,74.94,0.006992,0.0065,0.0075,2527.96,689.0
1787699721,eth,1806048000000,6000.0,put,65.57,1.409853,1.3915,1.428,2502.32,1.0
1787699721,eth,1790323200000,3100.0,put,63.29,0.268584,0.2645,0.274,2463.28,0.0
1787699721,eth,1798185600000,1600.0,call,62.71,0.370753,0.367,0.375,2480.82,620.0
1787699721,eth,1787817600000,2540.0,put,64.02,0.03842,0.0355,0.041,2456.19,100.0
1787699721,eth,1806048000000,3100.0,put,57.1,0.334736,0.3275,0.342,2502.32,99.0
1787699721,eth,1793347200000,4400.0,call,70.96,0.004129,0.0038,0.0044,2469.3,685.0
1787699721,eth,1813910400000,3400.0,put,57.49,0.451381,0.4445,0.4585,2528.02,2.0
1787699721,eth,1787731200000,2440.0,call,55.76,0.010697,0.01,0.011,2455.82,151.0
1787699721,eth,1790323200000,13000.0,put,174.82,4.277531,4.2525,4.31,2463.28,0.0
1787699721,eth,1798185600000,3800.0,put,60.55,0.554704,0.5465,0.566,2480.82,26.0
1787699721,eth,1813910400000,1200.0,put,65.61,0.020401,0.0195,0.0215,2528.02,523.0
1787699721,eth,1787731200000,2460.0,put,55.85,0.007932,0.0075,0.0085,2455.76,1653.0
1787699721,eth,1790323200000,1300.0,put,96.18,0.000723,0.0008,0.001,2463.27,3879.0
1787699721,eth,1788508800000,2700.0,call,64.18,0.010583,0.01,0.011,2458.41,2116.0
1787699721,eth,1787817600000,2250.0,put,68.76,0.00027,0.0002,0.0004,2456.2,253.0
1787699721,eth,1790323200000,1400.0,call,90.63,0.432732,0.43,0.435,2463.28,1550.0
1787699721,eth,1787904000000,1450.0,put,200.92,1.8e-05,,0.0003,2456.94,8378.0
1787699721,eth,1787904000000,3200.0,put,109.88,0.302463,0.299,0.306,2456.94,3.0
1787699721,eth,1787990400000,2250.0,call,63.61,0.086225,0.082,0.0895,2456.99,0.0
1787699721,eth,1806048000000,5500.0,call,64.07,0.016041,0.015,0.017,2502.38,2975.0
1787699721,eth,1790323200000,3600.0,put,72.22,0.464821,0.4585,0.4725,2463.28,907.0
1787699721,eth,1790323200000,1300.0,call,96.18,0.472985,0.4705,0.4755,2463.27,68.0
1787699721,eth,1798185600000,1600.0,put,62.71,0.015696,0.015,0.0165,2480.83,7782.0
1787699721,eth,1793347200000,2050.0,put,56.88,0.027517,0.027,0.028,2469.29,245.0
1787699721,eth,1789113600000,2650.0,call,58.96,0.021963,0.0215,0.0225,2459.81,185.0
1787699721,eth,1787990400000,2400.0,call,60.66,0.036417,0.035,0.0375,2456.99,0.0
1787699721,eth,1798185600000,11000.0,call,84.08,0.000295,0.0003,0.0005,2480.82,2144.0
1787699721,eth,1813910400000,1000.0,call,69.75,0.616855,0.611,0.6215,2527.96,70.0
1787699721,eth,1813910400000,2300.0,put,56.83,0.153259,0.1515,0.155,2527.96,314.0
1787699721,eth,1787817600000,2660.0,call,74.82,0.000785,0.0006,0.0009,2456.2,34.0
1787699721,eth,1793347200000,2400.0,put,55.04,0.078045,0.077,0.079,2469.29,318.0
1787699721,eth,1787904000000,2480.0,put,59.58,0.024271,0.0235,0.0255,2456.94,482.0
1787699721,eth,1787817600000,2350.0,put,58.44,0.001814,0.0016,0.002,2456.2,44.0
1787699721,eth,1788508800000,2900.0,put,71.34,0.1837,0.1805,0.1885,2458.41,0.0
1787699721,eth,1787817600000,2680.0,call,77.15,0.000623,0.0005,0.0007,2456.2,102.0
1787699721,eth,1787904000000,1500.0,put,200.92,4e-05,,,2456.94,5671.0
1787699721,eth,1787904000000,2540.0,call,62.47,0.007796,0.0075,0.0085,2456.89,338.0
1787699721,eth,1787817600000,2640.0,call,73.06,0.001039,0.0009,0.0012,2456.2,23.0
1787699721,eth,1787904000000,2100.0,call,86.86,0.145562,0.142,0.148,2456.89,7854.0
1787699721,eth,1813910400000,3200.0,put,57.17,0.388572,0.381,0.3955,2527.96,0.0
1787699721,eth,1790323200000,9000.0,call,143.14,0.00018,0.0001,0.0005,2463.28,1519.0
1787699721,eth,1789113600000,2000.0,put,62.73,0.003065,0.003,0.0032,2459.79,2680.0
1787699721,eth,1813910400000,2100.0,call,57.18,0.284379,0.2825,0.2875,2527.96,142.0
1787699721,eth,1793347200000,1950.0,call,58.24,0.229978,0.2255,0.234,2469.29,690.0
1787699721,eth,1793347200000,2650.0,put,55.8,0.138303,0.1365,0.1395,2469.3,61.0
1787699721,eth,1806048000000,3200.0,call,57.31,0.087475,0.086,0.089,2502.32,4525.0
1787699721,eth,1793347200000,4200.0,put,69.13,0.706039,0.6985,0.717,2469.29,0.0
1787699721,eth,1798185600000,3800.0,call,60.55,0.022964,0.0225,0.0235,2480.82,2814.0
1787699721,eth,1790323200000,4800.0,call,89.99,0.000579,0.0004,0.0008,2463.27,1679.0
1787699721,eth,1806048000000,2400.0,call,56.39,0.188064,0.1865,0.19,2502.32,2114.0
1787699721,eth,1806048000000,4000.0,put,59.41,0.642305,0.6305,0.6535,2502.32,0.0
1787699721,eth,1787990400000,2480.0,call,61.99,0.019474,0.019,0.02,2456.99,69.0
1787699721,eth,1789113600000,2550.0,call,57.14,0.032954,0.0325,0.0335,2459.81,632.0
1787699721,eth,1788508800000,2900.0,call,71.34,0.00411,0.0038,0.0043,2458.41,1153.0
1787699721,eth,1787904000000,1200.0,put,201.03,0.0,,0.0001,2456.89,7105.0
1787699721,eth,1788508800000,2300.0,put,56.45,0.011726,0.011,0.012,2458.39,2144.0
1787699721,eth,1790323200000,4000.0,call,78.87,0.001711,0.0015,0.0019,2463.28,21330.0
1787699721,eth,1787904000000,2650.0,call,69.84,0.00241,0.0022,0.0026,2456.89,1255.0
1787699721,eth,1787731200000,2350.0,call,62.66,0.043182,0.0395,0.0455,2455.82,0.0
1787699721,eth,1790323200000,2100.0,call,57.93,0.161457,0.158,0.1645,2463.28,5792.0
1787699721,eth,1798185600000,2500.0,put,55.79,0.132184,0.131,0.1335,2480.82,1349.0
1787699721,eth,1787990400000,2520.0,put,63.52,0.039534,0.0385,0.041,2456.99,0.0
1787699721,eth,1788508800000,2100.0,put,62.7,0.002317,0.0022,0.0025,2458.41,1839.0
1787699721,eth,1788508800000,2080.0,put,63.81,0.002006,0.0019,0.0022,2458.39,771.0
1787699721,eth,1806048000000,4600.0,put,61.23,0.866233,0.8525,0.88,2502.32,0.0
1787699721,eth,1806048000000,3700.0,put,58.61,0.534815,0.523,0.545,2502.32,0.0
1787699721,eth,1787990400000,2620.0,call,68.77,0.005983,0.0055,0.0065,2456.99,966.0
1787699721,eth,1798185600000,1700.0,call,60.9,0.335438,0.3315,0.3395,2480.82,365.0
1787699721,eth,1806048000000,2200.0,put,56.66,0.107261,0.106,0.1085,2502.32,1732.0
1787699721,eth,1793347200000,2850.0,put,56.97,0.198048,0.194,0.204,2469.3,0.0
1787699721,eth,1787731200000,2800.0,call,97.01,0.0,,0.0002,2455.76,751.0
1787699721,eth,1790323200000,6000.0,call,105.91,0.000243,0.0001,0.0005,2463.27,3175.0
1787699721,eth,1787904000000,1650.0,put,171.77,6.6e-05,,0.007,2456.89,7111.0
1787699721,eth,1788508800000,1700.0,put,98.21,0.000418,0.0001,0.015,2458.41,978.0
1787699721,eth,1788508800000,2050.0,call,65.76,0.167804,0.1645,0.1705,2458.39,0.0
1787699721,eth,1787817600000,2340.0,call,59.02,0.048793,0.0455,0.051,2456.2,40.0
1787699721,eth,1793347200000,4400.0,put,70.96,0.785967,0.7775,0.799,2469.29,0.0
1787699721,eth,1798185600000,3200.0,put,57.73,0.337852,0.331,0.345,2480.83,261.0
1787699721,eth,1790323200000,5400.0,call,98.58,0.000363,0.0002,0.0006,2463.28,1731.0
1787699721,eth,1798185600000,10000.0,call,84.06,0.000558,0.0004,0.0009,2480.82,1703.0
1787699721,eth,1787817600000,2400.0,call,57.45,0.028214,0.027,0.0295,2456.2,146.0
1787699721,eth,1787904000000,3000.0,call,93.53,0.000103,,0.0003,2456.94,4476.0
1787699721,eth,1790323200000,4800.0,put,89.99,0.949153,0.942,0.96,2463.28,110.0
1787699721,eth,1813910400000,2800.0,call,56.76,0.165443,0.1635,0.167,2527.96,1232.0
1787699721,eth,1787904000000,2150.0,call,77.08,0.12526,0.1215,0.1275,2456.89,5199.0
1787699721,eth,1798185600000,5500.0,put,69.36,1.222094,1.208,1.2415,2480.82,0.0
1787699721,eth,1793347200000,2350.0,put,55.06,0.068364,0.0675,0.069,2469.29,111.0
1787699721,eth,1787990400000,2620.0,put,68.77,0.072298,0.069,0.077,2456.97,0.0
1787699721,eth,1790323200000,4200.0,call,81.82,0.001257,0.0011,0.0014,2463.27,2642.0
1787699721,eth,1787904000000,2500.0,put,60.52,0.029591,0.0285,0.031,2456.89,2053.0
1787699721,eth,1793347200000,2700.0,put,56.05,0.152398,0.149,0.1575,2469.3,10.0
1787699721,eth,1813910400000,2800.0,put,56.76,0.273021,0.267,0.2785,2527.96,666.0
1787699721,eth,1787817600000,2560.0,call,65.73,0.003231,0.003,0.0035,2456.2,885.0
1787699721,eth,1787904000000,1850.0,put,141.12,0.000198,,,2456.94,3865.0
1787699721,eth,1787990400000,2540.0,call,64.38,0.011722,0.011,0.012,2456.99,1471.0
1787699721,eth,1813910400000,2600.0,call,56.68,0.192831,0.191,0.1945,2527.96,352.0
1787699721,eth,1813910400000,1300.0,put,63.89,0.025642,0.0245,0.027,2527.96,1675.0
1787699721,eth,1806048000000,5500.0,put,64.07,1.213817,1.195,1.23,2502.32,0.0
1787699721,eth,1806048000000,1400.0,call,64.03,0.461106,0.4565,0.466,2502.32,31.0
1787699721,eth,1787731200000,2400.0,call,56.42,0.023554,0.02,0.026,2455.76,21.0
1787699721,eth,1787990400000,2250.0,put,63.61,0.001954,0.0017,0.0022,2456.99,0.0
1787699721,eth,1813910400000,2400.0,put,56.74,0.174591,0.173,0.1765,2528.02,35.0
1787699721,eth,1790323200000,1950.0,call,61.78,0.215416,0.2125,0.218,2463.28,3752.0
1787699721,eth,1788508800000,1900.0,call,77.84,0.22794,0.2245,0.2305,2458.41,408.0
1787699721,eth,1787904000000,2080.0,call,91.23,0.153697,0.15,0.156,2456.94,42.0
1787699721,eth,1787904000000,2460.0,call,59.04,0.018355,0.0175,0.019,2456.94,270.0
1787699721,eth,1787731200000,2660.0,call,83.63,1e-05,,0.0003,2455.82,1157.0
1787699721,eth,1806048000000,1600.0,put,60.89,0.032629,0.0315,0.0335,2502.32,1275.0
1787699721,eth,1813910400000,3800.0,call,58.2,0.081012,0.0795,0.082,2527.96,428.0
1787699721,eth,1787817600000,2380.0,put,57.67,0.003522,0.0032,0.0037,2456.2,574.0
1787699721,eth,1793347200000,1500.0,call,70.12,0.396958,0.3925,0.4,2469.29,50.0
1787699721,eth,1798185600000,2500.0,call,55.79,0.124461,0.1235,0.1255,2480.82,27907.0
1787699721,eth,1793347200000,2800.0,call,56.65,0.048427,0.0475,0.049,2469.3,2953.0
1787699721,eth,1806048000000,2400.0,put,56.39,0.147093,0.1455,0.1485,2502.32,424.0
1787699721,eth,1787904000000,2350.0,call,58.51,0.047788,0.0445,0.05,2456.89,7845.0
1787699721,eth,1787904000000,1550.0,put,191.34,4.8e-05,,0.06,2456.94,6122.0
1787699721,eth,1787817600000,2150.0,call,85.14,0.124767,0.1225,0.127,2456.19,0.0
1787699721,eth,1787731200000,2420.0,call,55.39,0.016537,0.015,0.018,2455.76,112.0
1787699721,eth,1787817600000,2260.0,put,66.77,0.000299,0.0002,0.0004,2456.2,0.0
1787699721,eth,1798185600000,6000.0,put,71.77,1.422261,1.406,1.4435,2480.82,0.0
1787699721,eth,1787731200000,2360.0,put,61.87,0.000148,0.0001,0.0003,2455.76,359.0
1787699721,eth,1806048000000,1700.0,call,59.68,0.361353,0.3555,0.3665,2502.32,1260.0
1787699721,eth,1787731200000,2250.0,call,86.82,0.083818,0.08,0.086,2455.76,0.0
1787699721,eth,1813910400000,1000.0,put,69.75,0.012419,0.0115,0.013,2527.96,4751.0
1787699721,eth,1787817600000,2420.0,call,57.52,0.022535,0.0215,0.024,2456.2,256.0
1787699721,eth,1790323200000,2000.0,put,60.45,0.00888,0.0085,0.0095,2463.28,17275.0
1787699721,eth,1787904000000,3800.0,put,144.81,0.54663,0.543,0.551,2456.94,0.0
1787699721,eth,1793347200000,2550.0,put,55.42,0.112082,0.1105,0.113,2469.29,9.0
1787699721,eth,1798185600000,1400.0,put,67.31,0.008939,0.0085,0.0095,2480.82,13697.0
1787699721,eth,1793347200000,2000.0,call,57.53,0.213379,0.2085,0.2175,2469.29,759.0
1787699721,eth,1787904000000,1900.0,call,132.86,0.226939,0.2235,0.229,2456.94,7438.0
1787699721,eth,1788508800000,1800.0,call,88.2,0.268419,0.266,0.2705,2458.41,32.0
1787699721,eth,1787904000000,2300.0,call,60.56,0.065794,0.0625,0.068,2456.89,6010.0
1787699721,eth,1790323200000,1800.0,put,67.92,0.003866,0.0036,0.0042,2463.28,11395.0
1787699721,eth,1787817600000,2440.0,put,58.29,0.011107,0.0105,0.0115,2456.19,700.0
1787699721,eth,1798185600000,9000.0,put,80.96,2.628559,2.603,2.6575,2480.82,0.0
1787699721,eth,1813910400000,3600.0,call,57.84,0.09269,0.0915,0.094,2528.02,116.0
1787699721,eth,1787990400000,2640.0,put,70.31,0.079608,0.0755,0.084,2456.97,0.0
1787699721,eth,1813910400000,4800.0,call,60.2,0.044132,0.0425,0.045,2527.96,70.0
1787699721,eth,1813910400000,4000.0,put,58.55,0.653293,0.644,0.663,2527.96,1.0
1787699721,eth,1798185600000,4600.0,call,64.58,0.010134,0.0095,0.0105,2480.82,10906.0
1787699721,eth,1798185600000,10000.0,put,84.06,3.031451,3.0015,3.069,2480.82,0.0
1787699721,eth,1788508800000,1950.0,call,73.53,0.207797,0.2045,0.2105,2458.39,3308.0
1787699721,eth,1806048000000,3200.0,put,57.31,0.366181,0.3605,0.3735,2502.32,20.0
1787699721,eth,1806048000000,2600.0,call,56.41,0.154862,0.153,0.1565,2502.32,3209.0
1787699721,eth,1790323200000,2500.0,call,55.94,0.057605,0.057,0.058,2463.27,25310.0
1787699721,eth,1813910400000,3300.0,put,57.3,0.419541,0.4125,0.4265,2527.96,0.0
1787699721,eth,1813910400000,1700.0,call,59.16,0.38577,0.3785,0.392,2528.02,668.0
1787699721,eth,1790323200000,2600.0,put,56.67,0.098294,0.097,0.0995,2463.28,8980.0
1787699721,eth,1789113600000,2600.0,call,57.99,0.026894,0.026,0.0275,2459.81,1439.0
1787699721,eth,1787731200000,2400.0,put,56.42,0.000821,0.0007,0.001,2455.82,1453.0
1787699721,eth,1787904000000,2300.0,put,60.56,0.00191,0.0017,0.0021,2456.94,3562.0
1787699721,eth,1787731200000,2500.0,call,59.76,0.001765,0.0015,0.002,2455.82,1079.0
1787699721,eth,1793347200000,3800.0,call,65.09,0.008566,0.008,0.009,2469.3,590.0
1787699721,eth,1798185600000,8000.0,call,79.21,0.00132,0.001,0.0017,2480.83,2945.0
1787699721,eth,1813910400000,1600.0,put,60.08,0.048118,0.047,0.0495,2527.96,1977.0
1787699721,eth,1787904000000,2020.0,put,105.28,0.000272,0.0002,0.015,2456.89,871.0
1787699721,eth,1793347200000,1900.0,call,59.12,0.247172,0.243,0.251,2469.3,275.0
1787699721,eth,1798185600000,3100.0,put,57.37,0.3044,0.2995,0.311,2480.83,0.0
1787699721,eth,1787817600000,2340.0,put,59.02,0.001461,0.0013,0.0016,2456.2,396.0
1787699721,eth,1787817600000,2500.0,put,60.85,0.025531,0.0245,0.027,2456.2,107.0
1787699721,eth,1788508800000,3000.0,put,75.29,0.223007,0.219,0.228,2458.41,0.0
1787699721,eth,1798185600000,6500.0,call,73.89,0.00278,0.0024,0.0031,2480.83,1864.0
1787699721,eth,1787904000000,1000.0,put,201.04,0.0,,0.0001,2456.94,3125.0
1787699721,eth,1806048000000,3800.0,call,58.89,0.051792,0.0505,0.053,2502.32,1397.0
1787699721,eth,1787817600000,2620.0,call,70.75,0.001334,0.0012,0.0015,2456.2,136.0
1787699721,eth,1790323200000,1500.0,put,84.35,0.001443,0.0012,0.0017,2463.28,15943.0
1787699721,eth,1787990400000,2420.0,call,60.73,0.031403,0.0305,0.0325,2456.99,0.0
1787699721,eth,1787904000000,2450.0,put,58.77,0.01746,0.017,0.018,2456.94,981.0
1787699721,eth,1787817600000,2460.0,put,58.72,0.015107,0.0145,0.0155,2456.19,901.0
1787699721,eth,1798185600000,2400.0,put,55.74,0.109972,0.109,0.111,2480.83,1721.0
1787699721,eth,1790323200000,1950.0,put,61.78,0.007024,0.0065,0.0075,2463.27,1722.0
1787699721,eth,1787817600000,2440.0,call,58.29,0.017726,0.017,0.018,2456.19,101.0
1787699721,eth,1793347200000,3200.0,put,59.63,0.318493,0.313,0.326,2469.29,0.0
1787699721,eth,1793347200000,1400.0,put,74.11,0.00326,0.003,0.0036,2469.29,2553.0
1787699721,eth,1806048000000,2300.0,put,56.49,0.126278,0.125,0.1275,2502.32,1594.0
1787699721,eth,1806048000000,1700.0,put,59.68,0.040666,0.0395,0.042,2502.32,1617.0
1787699721,eth,1787904000000,2540.0,put,62.47,0.041594,0.0405,0.043,2456.94,305.0
1787699721,eth,1787731200000,2320.0,put,66.81,2.2e-05,,0.0002,2455.76,118.0
1787699721,eth,1790323200000,12000.0,call,167.49,0.000144,0.0001,0.0002,2463.28,1341.0
1787699721,eth,1787904000000,2480.0,call,59.58,0.014893,0.0145,0.0155,2456.89,703.0
1787699721,eth,1813910400000,2900.0,put,56.86,0.300574,0.294,0.306,2528.02,282.0
1787699721,eth,1793347200000,2150.0,call,55.91,0.167302,0.1635,0.171,2469.29,1036.0
1787699721,eth,1787904000000,1400.0,call,200.92,0.430198,0.4275,0.432,2456.89,118.0
1787699721,eth,1813910400000,4800.0,put,60.2,0.942852,0.9245,0.955,2527.96,0.0
1787699721,eth,1787731200000,2700.0,put,89.39,0.099428,0.0965,0.103,2455.82,0.0
1787699721,eth,1787904000000,2800.0,call,80.99,0.000583,0.0005,0.0007,2456.94,8224.0
1787699721,eth,1787990400000,2680.0,put,72.17,0.094368,0.091,0.099,2456.97,0.0
1787699721,eth,1787731200000,2280.0,call,80.77,0.07161,0.068,0.074,2455.82,0.0
1787699721,eth,1806048000000,4200.0,put,60.07,0.71602,0.7045,0.728,2502.32,1.0
1787699721,eth,1787731200000,2620.0,put,82.05,0.066904,0.064,0.071,2455.82,0.0
1787699721,eth,1790323200000,5800.0,call,104.66,0.000308,0.0002,0.0005,2463.28,4883.0
1787699721,eth,1798185600000,1900.0,call,58.3,0.269604,0.265,0.274,2480.82,3874.0
1787699721,eth,1789113600000,2250.0,put,55.5,0.014507,0.014,0.015,2459.79,2562.0
1787699721,eth,1793347200000,2450.0,call,55.1,0.096427,0.0955,0.0975,2469.29,244.0
1787699721,eth,1788508800000,1750.0,put,93.88,0.00052,0.0004,0.0007,2458.41,1725.0
1787699721,eth,1787904000000,2650.0,put,69.84,0.080979,0.0785,0.084,2456.94,0.0
1787699721,eth,1789113600000,2800.0,put,62.33,0.150412,0.1465,0.155,2459.81,24.0
1787699721,eth,1806048000000,1000.0,put,73.23,0.007211,0.0065,0.008,2502.32,7325.0
1787699721,eth,1787990400000,2420.0,put,60.73,0.01632,0.0155,0.017,2456.97,167.0
1787699721,eth,1813910400000,3500.0,put,57.67,0.483794,0.475,0.491,2527.96,323.0
1787699721,eth,1787817600000,2800.0,call,88.64,0.00015,,0.0003,2456.2,306.0
1787699721,eth,1787904000000,1750.0,call,151.6,0.287821,0.2855,0.29,2456.94,4111.0
1787699721,eth,1789113600000,2200.0,put,56.01,0.010424,0.01,0.011,2459.79,1964.0
1787699721,eth,1793347200000,1750.0,call,62.3,0.301228,0.298,0.305,2469.3,102.0
1787699721,eth,1787904000000,2520.0,call,61.43,0.009713,0.009,0.01,2456.94,734.0
1787699721,eth,1793347200000,1750.0,put,62.3,0.009914,0.0095,0.0105,2469.29,778.0
1787699721,eth,1813910400000,3400.0,call,57.49,0.106465,0.105,0.108,2527.96,253.0
1787699721,eth,1787990400000,2240.0,put,64.52,0.001761,0.0015,0.002,2456.97,0.0
1787699721,eth,1787990400000,2280.0,call,62.29,0.074971,0.071,0.078,2456.99,0.0
1787699721,eth,1806048000000,2800.0,put,56.59,0.246455,0.2425,0.2505,2502.38,12.0
1787699721,eth,1798185600000,2400.0,call,55.74,0.142558,0.1415,0.144,2480.82,12391.0
1787699721,eth,1798185600000,1700.0,put,60.9,0.02069,0.02,0.0215,2480.83,13371.0
1787699721,eth,1790323200000,8500.0,put,137.63,2.45078,2.4345,2.4685,2463.28,0.0
1787699721,eth,1793347200000,1500.0,put,70.12,0.004403,0.0041,0.0048,2469.29,2636.0
1787699721,eth,1787817600000,2360.0,put,58.05,0.002266,0.002,0.0025,2456.2,269.0
1787699721,eth,1788508800000,2200.0,put,58.45,0.005105,0.0049,0.0055,2458.41,1762.0
1787699721,eth,1790323200000,2400.0,call,55.48,0.07664,0.0755,0.0775,2463.28,15979.0
1787699721,eth,1789113600000,2000.0,call,62.73,0.190011,0.1865,0.193,2459.79,4.0
1787699721,eth,1806048000000,2900.0,call,56.73,0.115899,0.1145,0.1175,2502.32,2232.0
1787699721,eth,1798185600000,6000.0,call,71.77,0.003725,0.0033,0.0041,2480.83,10544.0
1787699721,eth,1793347200000,2800.0,put,56.65,0.182324,0.1775,0.1875,2469.29,20.0
1787699721,eth,1813910400000,2200.0,put,57.0,0.133474,0.132,0.135,2527.96,395.0
1787699721,eth,1787904000000,1650.0,call,171.77,0.328504,0.3255,0.3305,2456.94,1604.0
1787699721,eth,1787817600000,2560.0,put,65.73,0.045466,0.043,0.049,2456.19,248.0
1787699721,eth,1789113600000,2600.0,put,57.99,0.083864,0.0825,0.085,2459.81,0.0
1787699721,eth,1787904000000,1100.0,call,201.04,0.552292,0.55,0.554,2456.89,204.0
1787699721,eth,1787731200000,2220.0,call,93.53,0.096031,0.0925,0.0985,2455.76,0.0
1787699721,eth,1787731200000,2600.0,call,81.75,0.000127,,0.0002,2455.76,505.0
1787699721,eth,1813910400000,800.0,call,74.94,0.690541,0.686,0.6945,2527.96,118.0
1787699721,eth,1789113600000,2450.0,call,55.74,0.048991,0.048,0.0495,2459.79,1060.0
