snap_ts,asset,expiry_ms,strike,opt_type,mark_iv,mark_price,bid,ask,underlying_price,open_interest
1785893027,btc,1787904000000,110000.0,put,65.75,0.71308817,0.6555,0.7755,64213.3,0.2
1785893027,btc,1798185600000,40000.0,call,56.23,0.39617844,0.3945,0.398,65144.32,250.9
1785893027,btc,1798185600000,135000.0,put,46.42,1.07316739,1.002,1.1515,65144.32,0.6
1785893027,btc,1786003200000,70000.0,put,40.98,0.09307047,0.0565,0.132,64040.45,0.0
1785893027,btc,1806048000000,105000.0,call,40.0,0.0128268,0.012,0.0135,65822.01,183.3
1785893027,btc,1806048000000,100000.0,put,39.65,0.53620967,0.5305,0.557,65820.93,12.1
1785893027,btc,1787904000000,58000.0,put,37.68,0.00658467,0.0065,0.007,64213.3,964.6
1785893027,btc,1785916800000,62500.0,call,39.02,0.02392739,0.0195,0.0285,64030.82,1.0
1785893027,btc,1787904000000,81000.0,put,39.41,0.26180113,0.219,0.3085,64213.3,0.1
1785893027,btc,1787299200000,63000.0,call,30.99,0.03587651,0.035,0.037,64158.61,15.4
1785893027,btc,1813910400000,130000.0,put,42.08,0.96330993,0.956,0.9715,66565.23,0.1
1785893027,btc,1798185600000,20000.0,put,87.35,0.00158151,0.0014,0.0018,65143.09,106.0
1785893027,btc,1787299200000,70000.0,put,28.28,0.09307329,0.077,0.1015,64158.81,0.0
1785893027,btc,1793347200000,74000.0,call,34.76,0.02188737,0.021,0.0225,64701.46,111.3
1785893027,btc,1787904000000,46000.0,put,57.97,0.00048162,0.0004,0.0006,64214.48,1341.0
1785893027,btc,1813910400000,80000.0,call,40.91,0.08587413,0.0845,0.087,66565.08,64.4
1785893027,btc,1806048000000,140000.0,call,43.83,0.00281142,0.0025,0.0031,65822.01,761.4
1785893027,btc,1786089600000,67000.0,call,32.58,0.00043218,0.0003,0.0005,64062.1,2016.0
1785893027,btc,1798185600000,62000.0,call,40.04,0.12306906,0.1215,0.125,65144.32,255.1
1785893027,btc,1793347200000,71000.0,put,35.06,0.13021504,0.1275,0.133,64701.46,0.0
1785893027,btc,1813910400000,82000.0,call,40.81,0.07827268,0.077,0.0795,66565.08,42.4
1785893027,btc,1785916800000,61000.0,call,47.91,0.04731061,0.013,0.079,64030.82,0.0
1785893027,btc,1813910400000,110000.0,call,40.77,0.02186188,0.021,0.0225,66565.23,181.9
1785893027,btc,1790323200000,30000.0,call,86.15,0.53510387,0.5335,0.536,64441.56,134.0
1785893027,btc,1787299200000,53000.0,put,47.65,0.00101306,0.0009,0.0012,64158.61,54.0
1785893027,btc,1813910400000,85000.0,put,40.7,0.3450732,0.306,0.349,66565.08,6.8
1785893027,btc,1786176000000,63500.0,call,30.03,0.01621331,0.0155,0.017,64062.86,25.8
1785893027,btc,1806048000000,108000.0,call,40.14,0.01081231,0.01,0.0115,65820.93,57.3
1785893027,btc,1786694400000,70000.0,call,29.8,0.00062363,0.0005,0.0007,64109.3,1422.0
1785893027,btc,1790323200000,170000.0,call,71.81,1.667e-05,,0.0002,64440.48,359.5
1785893027,btc,1798185600000,60000.0,call,40.74,0.14167237,0.14,0.1435,65144.32,786.4
1785893027,btc,1790323200000,190000.0,put,72.99,1.94848422,1.848,2.0545,64440.48,0.0
1785893027,btc,1787904000000,73000.0,call,30.38,0.00160124,0.0014,0.0017,64213.3,1804.1
1785893027,btc,1785916800000,63500.0,call,25.34,0.00865947,0.006,0.012,64030.82,35.0
1785893027,btc,1806048000000,55000.0,put,43.78,0.06151836,0.0605,0.0625,65822.01,1353.8
1785893027,btc,1813910400000,150000.0,call,43.65,0.00552042,0.005,0.006,66565.08,89.0
1785893027,btc,1790323200000,58000.0,call,38.07,0.11803818,0.115,0.1215,64441.56,460.8
1785893027,btc,1786176000000,61500.0,put,34.14,0.00156375,0.0014,0.0017,64061.67,13.9
1785893027,btc,1785916800000,64000.0,call,23.29,0.00278456,0.0025,0.0031,64030.82,67.7
1785893027,btc,1793347200000,54000.0,call,42.25,0.18485677,0.182,0.2195,64701.46,0.0
1785893027,btc,1787904000000,59000.0,put,36.25,0.00840869,0.008,0.009,64213.3,849.4
1785893027,btc,1785916800000,57000.0,call,68.0,0.10978172,0.0775,0.14,64030.82,0.0
1785893027,btc,1793347200000,82000.0,put,35.02,0.27452856,0.242,0.2795,64701.46,0.0
1785893027,btc,1806048000000,106000.0,put,40.02,0.62252287,0.6165,0.656,65822.01,0.1
1785893027,btc,1787904000000,105000.0,call,63.37,6.007e-05,,0.0001,64213.3,169.2
1785893027,btc,1790323200000,300000.0,put,84.97,3.65549502,3.497,3.8225,64441.56,0.0
1785893027,btc,1787904000000,48000.0,call,53.32,0.25311898,0.2495,0.256,64213.3,37.5
1785893027,btc,1793347200000,54000.0,put,42.25,0.019479,0.019,0.02,64701.46,13.9
1785893027,btc,1798185600000,210000.0,put,58.2,2.22380488,2.114,2.341,65143.09,0.0
1785893027,btc,1790323200000,35000.0,put,74.42,0.00103064,0.0009,0.0012,64440.48,895.4
1785893027,btc,1790323200000,64000.0,put,34.18,0.04755069,0.047,0.0485,64441.56,608.2
1785893027,btc,1790323200000,135000.0,put,66.59,1.09512889,1.0235,1.1725,64440.48,11.5
1785893027,btc,1787904000000,56000.0,put,40.71,0.00408593,0.0039,0.0044,64213.3,1100.2
1785893027,btc,1798185600000,80000.0,call,37.98,0.02793985,0.0275,0.028,65144.32,8111.4
1785893027,btc,1798185600000,105000.0,put,40.24,0.61535119,0.6025,0.627,65144.32,109.4
1785893027,btc,1798185600000,200000.0,put,58.2,2.07036126,1.9655,2.1825,65143.09,0.0
1785893027,btc,1793347200000,64000.0,put,36.58,0.06520063,0.0645,0.0655,64701.46,148.5
1785893027,btc,1793347200000,75000.0,call,34.77,0.01912511,0.0185,0.0195,64701.46,79.7
1785893027,btc,1785916800000,63000.0,call,30.21,0.01615348,0.014,0.0195,64030.68,123.1
1785893027,btc,1806048000000,60000.0,call,42.2,0.17697218,0.176,0.1785,65822.01,718.9
1785893027,btc,1798185600000,170000.0,put,52.21,1.6099011,1.521,1.7055,65144.32,0.0
1785893027,btc,1787904000000,63000.0,call,31.86,0.04211235,0.041,0.043,64213.3,979.9
1785893027,btc,1787299200000,68000.0,call,28.21,0.00534078,0.0049,0.0055,64158.61,1719.9
1785893027,btc,1793347200000,85000.0,call,35.69,0.00491162,0.0046,0.0055,64701.46,4.0
1785893027,btc,1793347200000,66000.0,put,36.04,0.08102076,0.08,0.082,64701.46,5.5
1785893027,btc,1786089600000,68000.0,put,36.3,0.06168691,0.0265,0.1005,64062.1,6.2
1785893027,btc,1798185600000,72000.0,call,38.1,0.05567061,0.055,0.0565,65144.32,1137.6
1785893027,btc,1790323200000,78000.0,call,32.99,0.00359277,0.0035,0.0038,64441.56,4800.9
1785893027,btc,1798185600000,40000.0,put,56.23,0.01021557,0.01,0.0105,65144.32,4328.5
1785893027,btc,1798185600000,135000.0,call,46.42,0.00079206,0.0006,0.001,65144.32,1107.8
1785893027,btc,1786003200000,64000.0,put,26.32,0.00589778,0.005,0.0065,64040.45,6.9
1785893027,btc,1786089600000,64000.0,call,27.96,0.00928692,0.009,0.01,64063.18,726.5
1785893027,btc,1785916800000,67000.0,put,33.83,0.04639693,0.0125,0.0845,64030.68,0.0
1785893027,btc,1787904000000,66000.0,put,29.84,0.04638853,0.0455,0.0475,64213.3,229.3
1785893027,btc,1793347200000,76000.0,call,34.77,0.01666863,0.016,0.017,64701.46,24.2
1785893027,btc,1786089600000,66000.0,put,29.25,0.03135278,0.0285,0.0355,64063.18,61.0
1785893027,btc,1798185600000,104000.0,put,40.11,0.60027167,0.544,0.666,65144.32,0.1
1785893027,btc,1813910400000,68000.0,put,41.97,0.16951178,0.168,0.171,66565.08,8.1
1785893027,btc,1798185600000,85000.0,put,38.0,0.32256877,0.3165,0.3275,65144.32,548.4
1785893027,btc,1798185600000,84000.0,put,38.0,0.30893933,0.303,0.3125,65144.32,47.1
1785893027,btc,1793347200000,70000.0,call,35.19,0.03737256,0.0365,0.038,64701.46,63.5
1785893027,btc,1793347200000,86000.0,call,35.89,0.00433315,0.004,0.0045,64701.46,6.7
1785893027,btc,1790323200000,84000.0,put,35.96,0.30496473,0.3,0.3135,64441.56,34.7
1785893027,btc,1806048000000,180000.0,put,49.09,1.73576638,1.6415,1.839,65822.01,0.0
1785893027,btc,1813910400000,72000.0,call,41.5,0.12377409,0.1225,0.125,66565.23,13.9
1785893027,btc,1786694400000,68000.0,call,27.51,0.00187119,0.0017,0.0018,64110.45,1791.8
1785893027,btc,1786694400000,59000.0,put,36.94,0.00202471,0.0018,0.0023,64110.45,25.8
1785893027,btc,1813910400000,110000.0,put,40.77,0.67441251,0.669,0.681,66565.08,0.3
1785893027,btc,1790323200000,150000.0,call,70.97,8.141e-05,,0.0002,64440.48,736.7
1785893027,btc,1786089600000,62000.0,put,33.15,0.00130302,0.0012,0.0015,64062.1,1371.9
1785893027,btc,1790323200000,165000.0,put,71.81,1.56054787,1.474,1.653,64441.56,0.0
1785893027,btc,1790323200000,60000.0,call,36.5,0.09410307,0.092,0.0955,64441.56,842.3
1785893027,btc,1790323200000,110000.0,put,52.57,0.7072745,0.7005,0.719,64441.56,116.1
1785893027,btc,1787299200000,60000.0,call,34.53,0.07163821,0.0685,0.076,64158.61,0.0
1785893027,btc,1787904000000,66000.0,call,29.84,0.01855623,0.018,0.019,64213.3,782.1
1785893027,btc,1798185600000,130000.0,call,45.21,0.00092974,0.0007,0.0011,65144.32,1572.3
1785893027,btc,1786694400000,64000.0,put,29.0,0.01758634,0.017,0.0185,64109.3,219.7
1785893027,btc,1790323200000,240000.0,call,75.03,1.6e-07,,0.0002,64441.56,220.1
1785893027,btc,1806048000000,92000.0,call,39.42,0.02730007,0.0265,0.028,65822.01,127.3
1785893027,btc,1813910400000,58000.0,put,43.88,0.09726337,0.096,0.0985,66565.23,15.5
1785893027,btc,1806048000000,96000.0,put,39.55,0.48003191,0.4745,0.531,65822.01,1.6
1785893027,btc,1793347200000,88000.0,call,36.33,0.00339369,0.0031,0.0036,64701.46,3.4
1785893027,btc,1787904000000,64000.0,put,31.02,0.02955704,0.029,0.0305,64213.3,701.8
1785893027,btc,1786003200000,67000.0,put,30.31,0.04625813,0.013,0.0835,64040.45,0.0
1785893027,btc,1793347200000,62000.0,call,37.36,0.09364923,0.092,0.0955,64701.46,13.5
1785893027,btc,1790323200000,115000.0,put,54.52,0.78479053,0.775,0.797,64441.56,92.9
1785893027,btc,1813910400000,74000.0,call,41.31,0.11304728,0.112,0.1145,66565.08,13.3
1785893027,btc,1786003200000,70000.0,call,40.98,7.3e-07,,0.0001,64040.45,0.5
1785893027,btc,1813910400000,68000.0,call,41.97,0.14793503,0.1465,0.1495,66565.08,9.8
1785893027,btc,1790323200000,75000.0,call,32.39,0.00661633,0.006,0.007,64441.56,3510.7
1785893027,btc,1785916800000,57000.0,put,68.0,0.0,,0.0001,64030.82,16.7
1785893027,btc,1787904000000,83000.0,put,41.8,0.29287343,0.249,0.3415,64213.3,0.1
1785893027,btc,1806048000000,65000.0,put,41.06,0.12341432,0.122,0.1245,65822.01,664.8
1785893027,btc,1793347200000,57000.0,call,40.07,0.14732839,0.145,0.18,64701.46,0.0
1785893027,btc,1786694400000,58000.0,call,39.1,0.09664509,0.093,0.126,64110.45,0.0
1785893027,btc,1798185600000,210000.0,call,58.2,0.00010992,,0.0002,65144.32,151.7
1785893027,btc,1798185600000,92000.0,call,38.45,0.00956959,0.009,0.0095,65144.32,252.8
1785893027,btc,1786089600000,64500.0,put,27.64,0.01258362,0.012,0.0135,64063.18,2.3
1785893027,btc,1790323200000,240000.0,put,75.03,2.7243961,2.598,2.8585,64441.56,0.0
1785893027,btc,1806048000000,90000.0,call,39.37,0.03076946,0.03,0.0315,65822.01,506.9
1785893027,btc,1786694400000,67000.0,put,27.39,0.04874377,0.0445,0.055,64110.45,0.0
1785893027,btc,1790323200000,95000.0,put,42.84,0.47474246,0.4675,0.4845,64441.56,147.6
1785893027,btc,1798185600000,86000.0,call,38.02,0.01619157,0.0155,0.0165,65144.32,320.4
1785893027,btc,1813910400000,90000.0,put,40.61,0.40613408,0.385,0.41,66565.08,0.5
1785893027,btc,1793347200000,68000.0,put,35.6,0.09911482,0.0965,0.1015,64701.46,2.1
1785893027,btc,1787299200000,72000.0,call,30.03,0.00091507,0.0008,0.001,64158.61,161.2
1785893027,btc,1806048000000,160000.0,put,46.1,1.43235353,1.3485,1.5255,65820.93,0.0
1785893027,btc,1798185600000,74000.0,call,37.95,0.04688015,0.046,0.0475,65143.09,146.3
1785893027,btc,1786003200000,57000.0,put,57.06,2.24e-06,,0.0001,64040.45,0.4
1785893027,btc,1786089600000,67000.0,put,32.58,0.0463082,0.0435,0.051,64062.1,54.4
1785893027,btc,1790323200000,58000.0,put,38.07,0.01810053,0.0175,0.0185,64441.56,984.2
1785893027,btc,1786176000000,63500.0,put,30.03,0.00745525,0.007,0.008,64061.67,1.7
1785893027,btc,1798185600000,54000.0,call,43.51,0.20676619,0.205,0.209,65143.09,33.1
1785893027,btc,1785916800000,61500.0,put,42.45,7.9e-07,,0.0001,64030.68,55.3
1785893027,btc,1798185600000,200000.0,call,58.2,0.00017559,,0.0003,65143.09,951.5
1785893027,btc,1786003200000,63000.0,call,28.31,0.01767699,0.015,0.0205,64040.45,102.2
1785893027,btc,1790323200000,320000.0,call,85.42,4e-08,,0.0001,64441.56,276.6
1785893027,btc,1813910400000,72000.0,put,41.5,0.20544359,0.202,0.2075,66565.08,1.3
1785893027,btc,1787299200000,64000.0,put,30.03,0.02405447,0.0235,0.025,64158.61,28.5
1785893027,btc,1798185600000,45000.0,call,50.77,0.3248874,0.323,0.327,65144.32,54.3
1785893027,btc,1785916800000,58000.0,call,58.57,0.09416385,0.0615,0.1245,64030.82,0.0
1785893027,btc,1787299200000,58000.0,call,37.79,0.09969235,0.096,0.11,64158.61,0.0
1785893027,btc,1813910400000,70000.0,call,41.71,0.13534694,0.134,0.1365,66565.23,186.5
1785893027,btc,1787299200000,61000.0,call,33.19,0.0586449,0.0465,0.0835,64158.81,2.0
1785893027,btc,1786003200000,62000.0,call,33.36,0.03226056,0.013,0.0655,64040.45,9.1
1785893027,btc,1798185600000,68000.0,put,38.65,0.12160682,0.1205,0.123,65144.32,355.9
1785893027,btc,1806048000000,98000.0,put,39.61,0.50799343,0.5025,0.568,65822.01,0.2
1785893027,btc,1798185600000,115000.0,put,42.17,0.767266,0.7065,0.8365,65144.32,0.7
1785893027,btc,1787904000000,100000.0,put,59.96,0.55741518,0.5045,0.615,64213.3,0.5
1785893027,btc,1813910400000,78000.0,put,41.04,0.26603003,0.263,0.269,66565.23,0.4
1785893027,btc,1793347200000,48000.0,put,48.45,0.00984418,0.0095,0.0105,64701.46,139.0
1785893027,btc,1786089600000,70000.0,call,41.71,3.741e-05,,0.0001,64063.18,6613.8
1785893027,btc,1790323200000,84000.0,call,35.96,0.00142615,0.0013,0.0015,64440.48,1528.6
1785893027,btc,1798185600000,102000.0,put,39.77,0.57013653,0.514,0.6355,65144.32,7.8
1785893027,btc,1813910400000,120000.0,call,41.42,0.01482389,0.014,0.0155,66565.23,97.5
1785893027,btc,1790323200000,165000.0,call,71.81,2.566e-05,,0.0002,64441.56,184.2
1785893027,btc,1787904000000,98000.0,put,59.9,0.52631953,0.4745,0.5825,64213.3,0.0
1785893027,btc,1790323200000,65000.0,put,33.72,0.05507333,0.0545,0.056,64441.56,643.4
1785893027,btc,1785916800000,58000.0,put,58.57,0.0,,0.0001,64030.82,70.0
1785893027,btc,1806048000000,170000.0,put,47.6,1.58401989,1.496,1.6825,65822.01,0.1
1785893027,btc,1786694400000,80000.0,call,49.93,7.18e-05,,0.0001,64109.3,900.5
1785893027,btc,1790323200000,160000.0,put,71.81,1.48297018,1.399,1.573,64441.56,0.6
1785893027,btc,1790323200000,80000.0,put,33.78,0.24398907,0.238,0.252,64441.56,612.6
1785893027,btc,1786003200000,60500.0,call,43.92,0.05540211,0.0215,0.088,64040.45,0.0
1785893027,btc,1786003200000,60500.0,put,43.92,0.00012667,0.0001,0.0002,64040.45,32.4
1785893027,btc,1786176000000,69000.0,put,36.35,0.07729469,0.0405,0.1165,64061.67,0.0
1785893027,btc,1787299200000,56000.0,put,41.52,0.00213246,0.002,0.0024,64158.61,19.8
1785893027,btc,1786003200000,65000.0,call,26.57,0.0014542,0.0012,0.0016,64040.45,74.5
1785893027,btc,1786176000000,69000.0,call,36.35,0.00019714,0.0001,0.0003,64061.67,0.0
1785893027,btc,1790323200000,180000.0,call,71.81,7.08e-06,,0.0002,64441.56,748.1
1785893027,btc,1806048000000,90000.0,put,39.37,0.39812815,0.393,0.4495,65820.93,14.1
1785893027,btc,1785916800000,65000.0,call,32.8,0.00017781,0.0001,0.0002,64030.82,235.7
1785893027,btc,1793347200000,80000.0,put,35.02,0.24609248,0.2285,0.269,64701.46,0.5
1785893027,btc,1806048000000,54000.0,put,44.18,0.05703878,0.056,0.058,65822.01,58.7
1785893027,btc,1786003200000,63500.0,call,26.8,0.01138459,0.01,0.013,64040.45,4.0
1785893027,btc,1787904000000,90000.0,call,50.21,0.00017944,0.0001,0.0003,64213.3,330.1
1785893027,btc,1786176000000,60000.0,put,39.08,0.00055255,0.0005,0.0007,64061.67,6.3
1785893027,btc,1806048000000,60000.0,put,42.2,0.08854464,0.0875,0.0895,65822.01,619.1
1785893027,btc,1798185600000,65000.0,call,39.2,0.09839345,0.0975,0.0995,65144.32,814.9
1785893027,btc,1786176000000,57000.0,put,49.56,9.219e-05,,0.0002,64061.67,0.1
1785893027,btc,1786089600000,71000.0,call,44.03,1.617e-05,,0.0001,64062.1,1377.8
1785893027,btc,1787904000000,53000.0,call,45.77,0.17673056,0.172,0.1795,64213.3,10.9
1785893027,btc,1798185600000,190000.0,call,56.59,0.00020487,0.0001,0.0003,65144.32,990.5
1785893027,btc,1790323200000,105000.0,put,49.81,0.62975412,0.621,0.6405,64440.48,104.6
1785893027,btc,1785916800000,56000.0,call,74.36,0.12539958,0.0945,0.155,64030.82,0.0
1785893027,btc,1798185600000,230000.0,put,62.41,2.53082953,2.4105,2.6595,65144.32,0.0
1785893027,btc,1790323200000,72000.0,call,32.05,0.0121945,0.0115,0.0125,64441.56,2711.6
1785893027,btc,1790323200000,130000.0,put,64.47,1.01756308,0.9495,1.0925,64441.56,21.4
1785893027,btc,1790323200000,70000.0,put,32.21,0.10469136,0.102,0.1075,64440.48,1519.2
1785893027,btc,1806048000000,150000.0,call,44.94,0.00200331,0.0018,0.0023,65822.01,1901.0
1785893027,btc,1798185600000,45000.0,put,50.77,0.01567918,0.0155,0.016,65144.32,2884.0
1785893027,btc,1793347200000,67000.0,put,35.83,0.08982167,0.088,0.0915,64701.46,10.2
1785893027,btc,1813910400000,60000.0,call,43.39,0.20821427,0.2055,0.2105,66565.23,943.4
1785893027,btc,1786176000000,71000.0,call,40.76,4.846e-05,,0.0002,64061.67,0.0
1785893027,btc,1786694400000,50000.0,put,60.72,0.00013847,0.0001,0.0002,64109.3,153.5
1785893027,btc,1786089600000,53000.0,call,74.98,0.17267513,0.1425,0.2015,64062.1,0.0
1785893027,btc,1787299200000,67000.0,call,28.2,0.00828421,0.0075,0.009,64158.81,868.6
1785893027,btc,1793347200000,59000.0,call,38.84,0.1243346,0.1225,0.1265,64701.46,1.0
1785893027,btc,1790323200000,220000.0,call,72.99,3.7e-07,,0.0002,64440.48,230.1
1785893027,btc,1806048000000,106000.0,call,40.02,0.01207819,0.0115,0.0125,65822.01,43.5
1785893027,btc,1793347200000,48000.0,call,48.45,0.26795775,0.265,0.3025,64701.46,0.1
1785893027,btc,1787904000000,80000.0,call,38.01,0.00040355,0.0003,0.0005,64213.3,2161.0
1785893027,btc,1785916800000,62500.0,put,39.02,4.393e-05,,0.0001,64030.82,218.5
1785893027,btc,1790323200000,100000.0,call,46.4,0.000398,0.0003,0.0006,64441.56,3632.0
1785893027,btc,1806048000000,98000.0,call,39.61,0.01909175,0.0185,0.02,65822.01,102.6
1785893027,btc,1793347200000,88000.0,put,36.33,0.36351881,0.3155,0.419,64701.46,0.0
1785893027,btc,1786694400000,65000.0,put,28.17,0.02583331,0.025,0.0265,64110.45,58.5
1785893027,btc,1790323200000,60000.0,put,36.5,0.02520206,0.0245,0.026,64440.48,4551.4
1785893027,btc,1786089600000,61000.0,put,37.83,0.00061691,0.0005,0.0008,64062.1,576.4
1785893027,btc,1798185600000,72000.0,put,38.1,0.16093745,0.159,0.163,65143.09,330.5
1785893027,btc,1806048000000,56000.0,call,43.47,0.21564262,0.2125,0.2175,65822.01,16.9
1785893027,btc,1786176000000,64000.0,put,29.22,0.01056781,0.01,0.011,64062.86,0.2
1785893027,btc,1787904000000,62000.0,put,32.71,0.01801917,0.0175,0.0185,64213.3,1032.9
1785893027,btc,1813910400000,55000.0,call,44.69,0.25426641,0.252,0.257,66565.23,0.9
1785893027,btc,1798185600000,56000.0,call,42.46,0.18363481,0.182,0.1855,65144.32,41.4
1785893027,btc,1790323200000,52000.0,put,44.76,0.00716054,0.0065,0.0075,64440.48,1238.0
1785893027,btc,1806048000000,86000.0,put,39.35,0.3458279,0.303,0.4075,65822.01,1.8
1785893027,btc,1806048000000,40000.0,put,52.96,0.01913965,0.0185,0.02,65822.01,1153.9
1785893027,btc,1806048000000,120000.0,call,41.34,0.00603285,0.0055,0.0065,65822.01,327.7
1785893027,btc,1793347200000,80000.0,call,35.02,0.0096151,0.009,0.01,64701.46,121.3
1785893027,btc,1813910400000,140000.0,call,42.69,0.0072716,0.0065,0.008,66565.08,205.8
1785893027,btc,1790323200000,190000.0,call,72.99,4.1e-06,,0.0002,64440.48,772.5
1785893027,btc,1786089600000,62000.0,call,33.15,0.03347745,0.03,0.037,64062.1,158.8
1785893027,btc,1806048000000,56000.0,put,43.47,0.06644358,0.0655,0.0675,65822.01,83.1
1785893027,btc,1813910400000,56000.0,call,44.4,0.24453687,0.242,0.247,66565.23,2.0
1785893027,btc,1790323200000,64000.0,call,34.18,0.05437844,0.0535,0.055,64441.56,600.7
1785893027,btc,1787904000000,40000.0,put,69.17,0.00014111,0.0001,0.0002,64213.3,642.2
1785893027,btc,1786089600000,77000.0,call,52.89,5e-08,,0.0001,64062.1,1090.0
1785893027,btc,1790323200000,220000.0,put,72.99,2.41402998,2.2975,2.5365,64440.48,1.8
1785893027,btc,1798185600000,50000.0,call,46.17,0.25684793,0.255,0.259,65144.32,260.8
1785893027,btc,1786694400000,52000.0,call,54.72,0.1890941,0.1595,0.218,64110.45,0.0
1785893027,btc,1786176000000,66500.0,put,29.28,0.03923411,0.0285,0.043,64061.67,0.0
1785893027,btc,1793347200000,69000.0,call,35.35,0.04240505,0.0415,0.043,64701.46,34.9
1785893027,btc,1786176000000,64000.0,call,29.22,0.01152081,0.011,0.012,64061.67,14.0
1785893027,btc,1786089600000,75000.0,put,49.46,0.170757,0.131,0.2135,64063.18,0.7
1785893027,btc,1813910400000,84000.0,call,40.74,0.07134251,0.07,0.0725,66565.08,2.2
1785893027,btc,1790323200000,40000.0,put,64.44,0.00172097,0.0016,0.0018,64441.56,2245.1
1785893027,btc,1790323200000,280000.0,put,81.51,3.34512869,3.197,3.501,64441.56,0.0
1785893027,btc,1793347200000,69000.0,put,35.35,0.10886679,0.107,0.111,64701.46,0.0
1785893027,btc,1786003200000,56000.0,put,62.3,1.13e-06,,0.0001,64041.64,2.4
1785893027,btc,1793347200000,62000.0,put,37.36,0.0519192,0.0515,0.0525,64701.46,22.9
1785893027,btc,1786089600000,69000.0,put,40.5,0.07720992,0.0405,0.117,64062.1,3.3
1785893027,btc,1785916800000,61000.0,put,47.91,3.5e-07,,0.0001,64030.82,105.7
1785893027,btc,1813910400000,88000.0,put,40.63,0.38128907,0.3425,0.3855,66565.23,0.1
1785893027,btc,1786176000000,66000.0,put,28.79,0.03219104,0.028,0.0385,64061.67,0.0
1785893027,btc,1793347200000,86000.0,put,35.89,0.33354634,0.313,0.3875,64701.46,0.1
1785893027,btc,1806048000000,82000.0,put,39.32,0.29566896,0.292,0.299,65822.01,3.9
1785893027,btc,1798185600000,64000.0,call,39.47,0.10621239,0.1055,0.107,65144.32,420.0
1785893027,btc,1806048000000,95000.0,put,39.55,0.46621817,0.4605,0.471,65820.93,0.6
1785893027,btc,1798185600000,95000.0,call,38.89,0.00754717,0.007,0.0075,65144.32,1299.6
1785893027,btc,1790323200000,95000.0,call,42.84,0.0005024,0.0004,0.0006,64441.56,1862.7
1785893027,btc,1786089600000,64000.0,put,27.96,0.00833268,0.008,0.009,64063.18,237.5
1785893027,btc,1790323200000,35000.0,call,74.42,0.45788957,0.456,0.4595,64441.56,29.3
1785893027,btc,1798185600000,240000.0,put,62.53,2.68430314,2.5585,2.8185,65144.32,0.0
1785893027,btc,1787904000000,86000.0,put,45.08,0.33951095,0.294,0.3885,64213.3,0.0
1785893027,btc,1813910400000,105000.0,call,40.74,0.02743734,0.0265,0.028,66565.08,83.4
1785893027,btc,1798185600000,86000.0,put,38.02,0.33637053,0.318,0.3525,65144.32,23.4
1785893027,btc,1787904000000,79000.0,call,36.61,0.00044436,0.0003,0.0006,64213.3,668.8
1785893027,btc,1790323200000,200000.0,call,72.99,1.82e-06,,0.0002,64441.56,1009.2
1785893027,btc,1787904000000,78000.0,put,35.72,0.21525956,0.1735,0.2605,64213.3,4.1
1785893027,btc,1806048000000,150000.0,put,44.94,1.28093445,1.2015,1.37,65820.93,0.5
1785893027,btc,1785916800000,56000.0,put,74.36,0.0,,0.0001,64030.68,10.8
1785893027,btc,1790323200000,45000.0,put,55.58,0.00299103,0.0029,0.003,64441.56,2019.5
1785893027,btc,1798185600000,20000.0,call,87.35,0.69456294,0.694,0.6955,65144.32,2.7
1785893027,btc,1806048000000,110000.0,call,40.37,0.00980423,0.009,0.0105,65822.01,531.7
1785893027,btc,1790323200000,145000.0,call,70.53,0.00011812,,0.0002,64440.48,493.2
1785893027,btc,1806048000000,125000.0,call,42.06,0.00496909,0.0044,0.0055,65822.01,123.5
1785893027,btc,1798185600000,150000.0,put,49.37,1.30312052,1.2245,1.389,65143.09,2.0
1785893027,btc,1813910400000,120000.0,put,41.42,0.8176064,0.811,0.825,66565.23,0.1
1785893027,btc,1793347200000,63000.0,put,36.94,0.05824981,0.0575,0.059,64701.46,263.9
1785893027,btc,1790323200000,160000.0,call,71.81,3.955e-05,,0.0002,64441.56,1444.3
1785893027,btc,1813910400000,64000.0,put,42.61,0.13755753,0.136,0.139,66565.08,13.5
1785893027,btc,1813910400000,95000.0,call,40.58,0.04294581,0.042,0.044,66565.23,17.0
1785893027,btc,1798185600000,98000.0,call,39.39,0.00603304,0.0055,0.006,65143.09,210.5
1785893027,btc,1786694400000,52000.0,put,54.72,0.00021367,0.0001,0.0003,64110.45,220.3
1785893027,btc,1798185600000,108000.0,put,40.86,0.66081073,0.6025,0.7275,65143.09,0.1
1785893027,btc,1787299200000,56000.0,call,41.52,0.12927696,0.097,0.162,64158.61,0.0
1785893027,btc,1813910400000,74000.0,put,41.31,0.22476316,0.2225,0.227,66565.08,0.1
1785893027,btc,1787904000000,94000.0,put,54.77,0.46402975,0.414,0.5175,64214.48,0.0
1785893027,btc,1790323200000,86000.0,call,36.69,0.00102943,0.0009,0.0012,64440.48,661.7
1785893027,btc,1786089600000,63500.0,call,28.96,0.01412577,0.0135,0.0145,64063.18,148.8
1785893027,btc,1798185600000,115000.0,call,42.17,0.00190924,0.0017,0.002,65144.32,2339.8
1785893027,btc,1806048000000,140000.0,put,43.83,1.12981383,1.056,1.2155,65822.01,0.0
1785893027,btc,1798185600000,80000.0,put,37.98,0.25601411,0.251,0.2595,65144.32,951.8
1785893027,btc,1790323200000,56000.0,put,39.99,0.01309119,0.0125,0.0135,64441.56,1292.2
1785893027,btc,1787904000000,50000.0,put,51.04,0.00112775,0.0011,0.0012,64213.3,1280.3
1785893027,btc,1786089600000,55000.0,put,68.77,3.717e-05,,0.0001,64062.1,263.9
1785893027,btc,1806048000000,70000.0,put,40.27,0.16606071,0.164,0.1685,65820.93,211.8
1785893027,btc,1813910400000,86000.0,call,40.69,0.0650539,0.064,0.066,66565.23,2.2
1785893027,btc,1785916800000,65500.0,put,33.71,0.02299173,0.013,0.0595,64030.68,0.0
1785893027,btc,1785916800000,67000.0,call,33.83,0.0,,0.0001,64030.68,45.6
1785893027,btc,1806048000000,64000.0,call,41.24,0.14341372,0.1425,0.145,65822.01,85.3
1785893027,btc,1798185600000,82000.0,put,37.98,0.28211305,0.2765,0.2865,65143.09,158.8
1785893027,btc,1787904000000,78000.0,call,35.72,0.00054866,0.0004,0.0007,64213.3,1353.3
1785893027,btc,1798185600000,90000.0,put,38.07,0.39271172,0.3865,0.398,65143.09,590.6
1785893027,btc,1787904000000,92000.0,call,52.04,0.00014765,0.0001,0.0002,64213.3,63.7
1785893027,btc,1806048000000,50000.0,call,45.98,0.28212438,0.2785,0.2855,65822.01,20.6
1785893027,btc,1787904000000,79000.0,put,36.61,0.23072847,0.189,0.277,64213.3,0.7
1785893027,btc,1793347200000,74000.0,put,34.76,0.16562894,0.1305,0.2145,64701.46,0.0
1785893027,btc,1786176000000,59000.0,put,42.18,0.00027706,0.0002,0.0004,64061.67,7.1
1785893027,btc,1786089600000,72000.0,call,46.13,6.94e-06,,0.0001,64063.18,5628.5
1785893027,btc,1813910400000,140000.0,put,42.69,1.11051785,1.034,1.2015,66565.08,0.0
1785893027,btc,1798185600000,180000.0,put,54.28,1.76338025,1.669,1.8645,65143.09,0.0
1785893027,btc,1787904000000,88000.0,put,47.42,0.37062839,0.3245,0.421,64213.3,0.0
1785893027,btc,1786003200000,64000.0,call,26.32,0.00651973,0.006,0.007,64041.64,51.6
1785893027,btc,1787904000000,96000.0,put,56.47,0.49515243,0.4445,0.55,64213.3,0.2
1785893027,btc,1787904000000,86000.0,call,45.08,0.00021432,0.0001,0.0003,64213.3,191.0
1785893027,btc,1786176000000,60000.0,call,39.08,0.06394599,0.03,0.0965,64061.67,0.0
1785893027,btc,1813910400000,76000.0,call,41.16,0.10320257,0.102,0.1045,66565.23,13.9
1785893027,btc,1786176000000,66500.0,call,29.28,0.00116183,0.001,0.0013,64061.67,0.0
1785893027,btc,1798185600000,35000.0,put,62.36,0.00660973,0.006,0.007,65144.32,2321.5
1785893027,btc,1786089600000,71000.0,put,44.03,0.10833255,0.0705,0.1485,64062.1,0.0
1785893027,btc,1790323200000,150000.0,put,70.97,1.32782888,1.2485,1.4135,64441.56,0.7
1785893027,btc,1787904000000,57000.0,call,39.16,0.1174954,0.114,0.12,64213.3,28.5
1785893027,btc,1793347200000,61000.0,call,37.83,0.10336639,0.1015,0.1055,64701.46,1.0
1785893027,btc,1806048000000,50000.0,put,45.98,0.0417681,0.041,0.0425,65822.01,2076.8
1785893027,btc,1806048000000,190000.0,call,50.72,0.00094622,0.0008,0.0012,65822.01,882.9
1785893027,btc,1798185600000,110000.0,call,41.24,0.00256827,0.0023,0.0028,65144.32,2640.1
1785893027,btc,1787904000000,48000.0,put,53.32,0.0006334,0.0006,0.0007,64214.48,1488.6
1785893027,btc,1786089600000,61500.0,call,35.25,0.04084272,0.0385,0.0425,64062.1,4.1
1785893027,btc,1790323200000,88000.0,put,37.45,0.36636722,0.3195,0.4175,64440.48,5.7
1785893027,btc,1787299200000,59000.0,call,36.14,0.08542419,0.082,0.1115,64158.61,0.0
1785893027,btc,1786694400000,60000.0,call,34.89,0.06716712,0.038,0.0845,64110.45,0.0
1785893027,btc,1806048000000,76000.0,put,39.58,0.22637771,0.2235,0.23,65822.01,19.2
1785893027,btc,1793347200000,64000.0,call,36.58,0.07601872,0.0755,0.077,64700.31,416.8
1785893027,btc,1790323200000,76000.0,call,32.51,0.00535818,0.0049,0.006,64440.48,2289.6
1785893027,btc,1790323200000,110000.0,call,52.57,0.0002597,0.0002,0.0003,64441.56,1296.0
1785893027,btc,1798185600000,82000.0,call,37.98,0.02333692,0.0225,0.0235,65143.09,505.6
1785893027,btc,1790323200000,55000.0,put,41.11,0.01122233,0.0105,0.0115,64441.56,2610.0
1785893027,btc,1798185600000,130000.0,put,45.21,0.99655043,0.9795,1.0115,65144.32,52.1
1785893027,btc,1798185600000,106000.0,call,40.42,0.00327841,0.003,0.0035,65143.09,320.2
1785893027,btc,1786089600000,60000.0,call,43.46,0.06375339,0.03,0.096,64062.1,11.3
1785893027,btc,1798185600000,30000.0,call,69.45,0.54372269,0.542,0.5445,65144.32,291.0
1785893027,btc,1798185600000,180000.0,call,54.28,0.00021314,0.0001,0.0004,65144.32,923.8
1785893027,btc,1790323200000,74000.0,put,32.22,0.15645663,0.152,0.1625,64440.48,110.7
1785893027,btc,1798185600000,106000.0,put,40.42,0.63047681,0.573,0.6965,65143.09,0.2
1785893027,btc,1787904000000,84000.0,put,43.42,0.30844291,0.2635,0.357,64213.3,0.8
1785893027,btc,1806048000000,88000.0,put,39.37,0.37174856,0.367,0.376,65820.93,4.5
1785893027,btc,1793347200000,57000.0,put,40.07,0.02831853,0.0275,0.029,64701.46,8.3
1785893027,btc,1786694400000,64000.0,call,29.0,0.01928532,0.0185,0.02,64110.45,205.7
1785893027,btc,1786089600000,58000.0,call,55.14,0.09477396,0.062,0.1255,64063.18,0.0
1785893027,btc,1786003200000,68000.0,call,32.69,5.22e-06,,0.0001,64041.64,3.3
1785893027,btc,1786003200000,65000.0,put,26.57,0.01644752,0.013,0.0325,64040.45,0.4
1785893027,btc,1798185600000,62000.0,put,40.04,0.07482661,0.074,0.0755,65144.32,732.5
1785893027,btc,1786003200000,65500.0,call,27.26,0.00059794,0.0005,0.0007,64040.45,74.3
1785893027,btc,1786089600000,66000.0,call,29.25,0.00108684,0.0009,0.0012,64062.1,926.1
1785893027,btc,1786176000000,62500.0,call,31.7,0.02780081,0.0245,0.058,64061.67,0.0
1785893027,btc,1790323200000,45000.0,call,55.58,0.30466699,0.3,0.307,64441.56,144.2
1785893027,btc,1785916800000,60000.0,call,51.98,0.06292813,0.0295,0.095,64030.82,0.0
1785893027,btc,1806048000000,200000.0,call,51.3,0.00072025,0.0006,0.001,65822.01,499.7
1785893027,btc,1786694400000,50000.0,call,60.72,0.2202158,0.1925,0.248,64110.45,0.0
1785893027,btc,1793347200000,60000.0,put,38.29,0.04090407,0.0405,0.0415,64701.46,28.8
1785893027,btc,1793347200000,52000.0,put,44.01,0.01528877,0.015,0.016,64701.46,39.6
1785893027,btc,1798185600000,140000.0,put,47.36,1.14978397,1.076,1.2305,65144.32,0.2
1785893027,btc,1790323200000,125000.0,put,61.3,0.93997169,0.874,1.012,64441.56,21.8
1785893027,btc,1787904000000,92000.0,put,52.04,0.43288358,0.384,0.4855,64213.3,1.5
1785893027,btc,1813910400000,55000.0,put,44.69,0.08054173,0.079,0.082,66565.23,7.4
1785893027,btc,1786089600000,60000.0,put,43.46,0.00035878,0.0003,0.0005,64062.1,1725.0
1785893027,btc,1806048000000,102000.0,put,39.8,0.56481913,0.559,0.604,65822.01,0.1
1785893027,btc,1787904000000,75000.0,put,32.08,0.16891694,0.1635,0.176,64213.3,44.2
1785893027,btc,1806048000000,96000.0,call,39.55,0.02151598,0.0205,0.022,65822.01,133.2
1785893027,btc,1793347200000,60000.0,call,38.29,0.11354604,0.112,0.1155,64701.46,2.3
1785893027,btc,1790323200000,98000.0,put,44.56,0.52119356,0.469,0.5775,64441.56,0.1
1785893027,btc,1790323200000,40000.0,call,64.44,0.38098838,0.377,0.3835,64441.56,34.4
1785893027,btc,1787904000000,77000.0,call,34.26,0.00061399,0.0005,0.0007,64213.3,225.0
1785893027,btc,1793347200000,76000.0,put,34.77,0.19132214,0.187,0.1955,64700.31,0.0
1785893027,btc,1813910400000,100000.0,put,40.65,0.53662281,0.5315,0.542,66565.23,0.1
1785893027,btc,1790323200000,155000.0,call,70.97,5.222e-05,,0.0002,64440.48,363.0
1785893027,btc,1786003200000,67000.0,call,30.31,3.425e-05,,0.0001,64040.45,94.9
1785893027,btc,1793347200000,66000.0,call,36.04,0.06092692,0.06,0.0615,64701.46,119.4
1785893027,btc,1787904000000,82000.0,put,40.09,0.27730064,0.234,0.3245,64213.3,1.5
1785893027,btc,1793347200000,58000.0,call,39.42,0.13557994,0.133,0.142,64701.46,0.0
1785893027,btc,1798185600000,70000.0,put,38.29,0.14038778,0.138,0.143,65144.32,1034.6
1785893027,btc,1790323200000,68000.0,put,32.63,0.08248423,0.0805,0.0855,64441.56,634.9
1785893027,btc,1793347200000,90000.0,call,36.85,0.00270151,0.0025,0.0028,64701.46,31.3
1785893027,btc,1798185600000,125000.0,call,44.19,0.00115522,0.001,0.0013,65144.32,593.9
1785893027,btc,1806048000000,95000.0,call,39.55,0.02289511,0.022,0.0235,65820.93,319.4
1785893027,btc,1786176000000,59000.0,call,42.18,0.0792806,0.0465,0.1115,64061.67,0.0
1785893027,btc,1793347200000,56000.0,call,40.72,0.15942057,0.157,0.1825,64701.46,0.0
1785893027,btc,1813910400000,40000.0,put,51.73,0.02835802,0.0275,0.0295,66565.23,493.7
1785893027,btc,1798185600000,70000.0,call,38.29,0.0658228,0.065,0.0665,65144.32,1346.6
1785893027,btc,1798185600000,30000.0,put,69.45,0.00425054,0.004,0.0045,65143.09,2134.8
1785893027,btc,1790323200000,140000.0,call,67.85,0.00011862,,0.0002,64441.56,1184.3
1785893027,btc,1787299200000,65000.0,put,29.26,0.03192763,0.0315,0.0325,64158.61,14.4
1785893027,btc,1813910400000,95000.0,put,40.58,0.47014863,0.4655,0.475,66565.23,20.1
1785893027,btc,1798185600000,100000.0,call,39.61,0.00513775,0.0047,0.0055,65143.09,3653.4
1785893027,btc,1793347200000,70000.0,put,35.19,0.11929027,0.1175,0.122,64700.31,11.3
1785893027,btc,1813910400000,82000.0,put,40.81,0.31017406,0.307,0.3135,66565.23,0.2
1785893027,btc,1790323200000,180000.0,put,71.81,1.79330403,1.698,1.8945,64441.56,7.3
1785893027,btc,1786089600000,63500.0,put,28.96,0.00536648,0.005,0.006,64063.18,88.8
1785893027,btc,1787299200000,66000.0,put,28.5,0.04135949,0.039,0.0435,64158.81,0.2
1785893027,btc,1806048000000,62000.0,put,41.69,0.1015231,0.1005,0.1025,65822.01,254.2
1785893027,btc,1790323200000,102000.0,put,47.35,0.58320674,0.529,0.642,64441.56,0.4
1785893027,btc,1793347200000,68000.0,call,35.6,0.04810904,0.0475,0.0485,64701.46,65.6
1785893027,btc,1787904000000,59000.0,call,36.25,0.08958891,0.086,0.092,64213.3,214.1
1785893027,btc,1786694400000,75000.0,put,39.29,0.1700175,0.1305,0.213,64110.45,0.0
1785893027,btc,1786694400000,67000.0,call,27.39,0.00364739,0.0034,0.0038,64110.45,608.7
1785893027,btc,1786176000000,66000.0,call,28.79,0.00192445,0.0017,0.0021,64062.86,33.6
1785893027,btc,1786089600000,77000.0,put,52.89,0.20197697,0.1615,0.2455,64062.1,0.0
1785893027,btc,1785916800000,63000.0,put,30.21,7.895e-05,0.0001,0.0002,64030.82,107.3
1785893027,btc,1785916800000,66000.0,call,33.78,1.34e-06,,0.0001,64030.82,90.5
1785893027,btc,1798185600000,105000.0,call,40.24,0.00350371,0.0032,0.0036,65144.32,833.5
1785893027,btc,1786176000000,70000.0,put,37.82,0.09278879,0.056,0.1325,64061.67,0.0
1785893027,btc,1786003200000,71000.0,call,42.32,1.1e-07,,0.0001,64040.45,0.0
1785893027,btc,1786694400000,58000.0,put,39.1,0.00135538,0.0012,0.0015,64110.45,1571.1
1785893027,btc,1798185600000,52000.0,call,44.79,0.23130298,0.2295,0.2335,65144.32,0.1
1785893027,btc,1798185600000,58000.0,put,41.54,0.05224388,0.0515,0.053,65144.32,2129.7
1785893027,btc,1787299200000,63000.0,put,30.99,0.01783895,0.0175,0.0185,64158.61,68.6
1785893027,btc,1786176000000,61000.0,call,35.77,0.04888015,0.0185,0.067,64062.86,0.0
1785893027,btc,1790323200000,145000.0,put,70.53,1.250274,1.1735,1.3325,64440.48,0.2
1785893027,btc,1786176000000,64500.0,put,28.76,0.0146733,0.014,0.0155,64061.67,0.1
1785893027,btc,1787904000000,105000.0,put,63.37,0.63524782,0.5795,0.6945,64213.3,1.0
1785893027,btc,1785916800000,69000.0,call,37.14,0.0,,0.0001,64030.82,0.0
1785893027,btc,1793347200000,55000.0,call,41.46,0.17196793,0.1695,0.182,64701.46,0.0
1785893027,btc,1798185600000,94000.0,put,38.63,0.45104478,0.44,0.4825,65144.32,5.3
1785893027,btc,1798185600000,220000.0,call,59.49,9.346e-05,,0.0002,65143.09,252.8
1785893027,btc,1786003200000,60000.0,call,49.06,0.06320284,0.029,0.096,64040.45,0.0
1785893027,btc,1806048000000,80000.0,call,39.42,0.0564363,0.0555,0.057,65822.01,920.2
1785893027,btc,1790323200000,175000.0,put,71.81,1.71571622,1.623,1.8135,64441.56,0.2
1785893027,btc,1813910400000,66000.0,call,42.25,0.16144824,0.16,0.163,66565.08,23.7
1785893027,btc,1798185600000,56000.0,put,42.46,0.0432868,0.0425,0.044,65144.32,463.3
1785893027,btc,1787904000000,75000.0,call,32.08,0.0009257,0.0009,0.001,64213.3,2432.5
1785893027,btc,1790323200000,75000.0,put,32.39,0.17049006,0.1655,0.176,64441.56,2967.5
1785893027,btc,1813910400000,66000.0,put,42.25,0.15297861,0.1515,0.1545,66565.08,31.7
1785893027,btc,1798185600000,94000.0,call,38.63,0.00805751,0.0075,0.0085,65144.32,116.4
1785893027,btc,1786694400000,62000.0,put,31.55,0.00749415,0.007,0.008,64110.45,193.8
1785893027,btc,1798185600000,140000.0,call,47.36,0.000654,0.0005,0.0008,65143.09,1474.4
1785893027,btc,1793347200000,71000.0,call,35.06,0.03284136,0.032,0.0335,64701.46,35.5
1785893027,btc,1786003200000,69000.0,put,38.58,0.0774578,0.041,0.116,64040.45,0.0
1785893027,btc,1787904000000,72000.0,call,29.8,0.00222283,0.002,0.0023,64214.48,2953.2
1785893027,btc,1790323200000,90000.0,call,39.15,0.00067763,0.0005,0.0008,64441.56,3017.9
1785893027,btc,1790323200000,56000.0,call,39.99,0.14406547,0.128,0.157,64441.56,12.2
1785893027,btc,1785916800000,66000.0,put,33.78,0.03078041,0.013,0.0675,64030.68,0.0
1785893027,btc,1798185600000,76000.0,put,37.89,0.20610245,0.2015,0.2085,65144.32,142.1
1785893027,btc,1798185600000,250000.0,call,62.95,6.02e-05,,0.0003,65144.32,1120.9
1785893027,btc,1813910400000,85000.0,call,40.7,0.06810226,0.067,0.069,66565.08,7.6
1785893027,btc,1813910400000,45000.0,put,48.72,0.04068784,0.0395,0.0415,66565.23,238.1
1785893027,btc,1790323200000,62000.0,call,35.23,0.0727587,0.072,0.074,64440.48,680.1
1785893027,btc,1806048000000,70000.0,call,40.27,0.10255951,0.1015,0.1035,65822.01,749.6
1785893027,btc,1786089600000,75000.0,call,49.46,2.6e-07,,0.0001,64062.1,2584.7
1785893027,btc,1793347200000,55000.0,put,41.46,0.02204612,0.0215,0.023,64701.46,40.6
1785893027,btc,1786003200000,66000.0,call,28.39,0.00024509,0.0002,0.0003,64040.45,120.7
1785893027,btc,1813910400000,160000.0,put,44.54,1.40797169,1.323,1.506,66565.08,0.0
1785893027,btc,1790323200000,70000.0,call,32.21,0.01841073,0.018,0.019,64441.56,5955.1
1785893027,btc,1786176000000,62500.0,put,31.7,0.00343265,0.0032,0.0037,64061.67,2.1
1785893027,btc,1786176000000,63000.0,put,30.74,0.00508148,0.0048,0.0055,64062.86,0.5
1785893027,btc,1786694400000,70000.0,put,29.8,0.09251537,0.056,0.133,64110.45,0.0
1785893027,btc,1786694400000,66000.0,call,27.6,0.00681085,0.0065,0.0075,64109.3,553.5
1785893027,btc,1786003200000,68000.0,put,32.69,0.06184439,0.0265,0.1,64040.45,0.0
1785893027,btc,1787904000000,88000.0,call,47.42,0.00018532,0.0001,0.0003,64213.3,184.8
1785893027,btc,1786176000000,62000.0,call,32.82,0.03447836,0.031,0.042,64061.67,0.0
1785893027,btc,1790323200000,260000.0,put,78.83,3.03476241,2.8975,3.1795,64441.56,0.0
1785893027,btc,1787904000000,55000.0,put,42.36,0.00325981,0.0031,0.0035,64214.48,1141.1
1785893027,btc,1787904000000,77000.0,put,34.26,0.19975167,0.1595,0.2445,64213.3,3.4
1785893027,btc,1786003200000,62500.0,put,30.63,0.00074028,0.0006,0.0009,64040.45,177.4
1785893027,btc,1806048000000,85000.0,call,39.34,0.04168289,0.041,0.0425,65822.01,81.1
1785893027,btc,1786003200000,62500.0,call,30.63,0.02478516,0.022,0.028,64040.45,25.8
1785893027,btc,1786176000000,70000.0,call,37.82,8.113e-05,,0.0002,64061.67,0.0
1785893027,btc,1785916800000,70000.0,put,40.53,0.09325052,0.0565,0.133,64030.68,0.0
1785893027,btc,1793347200000,95000.0,put,38.31,0.46993079,0.419,0.527,64701.46,0.1
1785893027,btc,1806048000000,45000.0,put,48.95,0.02809343,0.0275,0.029,65822.01,218.9
1785893027,btc,1798185600000,110000.0,put,41.24,0.69117039,0.6775,0.703,65143.09,54.2
1785893027,btc,1786694400000,80000.0,put,49.93,0.24794807,0.206,0.294,64110.45,0.0
1785893027,btc,1786176000000,71000.0,put,40.76,0.10836623,0.071,0.149,64061.67,0.0
1785893027,btc,1787299200000,64000.0,call,30.03,0.02650533,0.026,0.027,64158.81,51.4
1785893027,btc,1787904000000,67000.0,put,29.45,0.05682159,0.0545,0.059,64213.3,103.0
1785893027,btc,1806048000000,52000.0,put,45.05,0.0489234,0.048,0.05,65822.01,111.9
1785893027,btc,1798185600000,65000.0,put,39.2,0.0962038,0.0955,0.097,65143.09,717.0
1785893027,btc,1786003200000,61000.0,call,41.64,0.0476852,0.013,0.0805,64040.45,1.0
1785893027,btc,1793347200000,61000.0,put,37.83,0.04618039,0.0455,0.047,64701.46,101.3
1785893027,btc,1813910400000,130000.0,call,42.08,0.01029555,0.0095,0.011,66565.23,84.2
1785893027,btc,1787904000000,63000.0,put,31.86,0.023225,0.023,0.024,64213.3,689.3
1785893027,btc,1813910400000,60000.0,put,43.39,0.10960553,0.108,0.111,66565.08,74.6
1785893027,btc,1798185600000,125000.0,put,44.19,0.92002126,0.854,0.994,65144.32,9.1
1785893027,btc,1806048000000,110000.0,put,40.37,0.6810204,0.6745,0.7315,65822.01,2.6
1785893027,btc,1806048000000,52000.0,call,45.05,0.25889394,0.2555,0.262,65822.01,5.2
1785893027,btc,1790323200000,90000.0,put,39.15,0.39732611,0.3905,0.407,64441.56,586.2
1785893027,btc,1813910400000,50000.0,put,46.4,0.05770606,0.0565,0.059,66565.23,285.1
1785893027,btc,1790323200000,320000.0,put,85.42,3.96586129,3.797,4.1445,64441.56,25.1
1785893027,btc,1806048000000,68000.0,call,40.55,0.11500733,0.114,0.116,65822.01,44.1
1785893027,btc,1798185600000,52000.0,put,44.79,0.02955125,0.029,0.03,65144.32,183.3
1785893027,btc,1787299200000,67000.0,put,28.2,0.05259347,0.049,0.057,64158.61,10.2
1785893027,btc,1786176000000,65500.0,put,28.41,0.02558911,0.017,0.0285,64061.67,0.0
1785893027,btc,1790323200000,94000.0,call,42.25,0.0005437,0.0004,0.0006,64441.56,169.0
1785893027,btc,1798185600000,96000.0,call,39.01,0.00696498,0.0065,0.007,65144.32,309.1
1785893027,btc,1813910400000,170000.0,call,45.28,0.00330054,0.0029,0.0035,66565.08,20.1
1785893027,btc,1787904000000,83000.0,call,41.8,0.00029645,0.0002,0.0004,64213.3,472.8
1785893027,btc,1798185600000,68000.0,call,38.65,0.07774369,0.077,0.0785,65144.32,568.4
1785893027,btc,1786694400000,63000.0,put,30.19,0.01161947,0.011,0.012,64110.45,327.3
1785893027,btc,1786694400000,61000.0,put,33.25,0.00484068,0.0045,0.005,64110.45,274.4
1785893027,btc,1813910400000,40000.0,call,51.73,0.42743052,0.425,0.4305,66565.08,17.0
1785893027,btc,1787904000000,74000.0,call,31.14,0.00119271,0.0011,0.0013,64213.3,1943.2
1785893027,btc,1786089600000,65000.0,put,27.7,0.01799163,0.015,0.021,64062.1,77.9
1785893027,btc,1790323200000,94000.0,put,42.25,0.45926544,0.4095,0.5145,64440.48,1.9
1785893027,btc,1806048000000,100000.0,call,39.65,0.01692224,0.016,0.0175,65822.01,556.3
1785893027,btc,1806048000000,68000.0,put,40.55,0.14812279,0.1465,0.1495,65822.01,75.7
1785893027,btc,1786176000000,65000.0,put,28.53,0.01972576,0.018,0.022,64061.67,0.0
1785893027,btc,1813910400000,52000.0,put,45.64,0.06606936,0.065,0.0675,66565.08,18.3
1785893027,btc,1790323200000,78000.0,put,32.99,0.21402145,0.2085,0.219,64441.56,629.4
1785893027,btc,1787299200000,75000.0,put,34.21,0.16942786,0.1295,0.2125,64158.81,0.0
1785893027,btc,1787904000000,67000.0,call,29.45,0.01341607,0.013,0.0135,64213.3,1166.3
1785893027,btc,1786089600000,72000.0,put,46.13,0.12393342,0.086,0.1645,64062.1,0.0
1785893027,btc,1806048000000,125000.0,put,42.06,0.90407837,0.8365,0.9835,65822.01,0.1
1785893027,btc,1806048000000,115000.0,call,40.75,0.00755804,0.007,0.008,65822.01,761.7
1785893027,btc,1806048000000,86000.0,call,39.35,0.03924071,0.0385,0.04,65822.01,122.1
1785893027,btc,1787904000000,46000.0,call,57.97,0.28411365,0.258,0.3105,64213.3,1.0
1785893027,btc,1786089600000,55000.0,call,68.77,0.14148223,0.1105,0.171,64062.1,0.0
1785893027,btc,1785916800000,64500.0,put,25.96,0.00791669,0.007,0.0085,64030.82,5.3
1785893027,btc,1813910400000,80000.0,put,40.91,0.28772913,0.284,0.291,66565.08,0.5
1785893027,btc,1798185600000,55000.0,put,42.96,0.03932047,0.0385,0.04,65144.32,1100.2
1785893027,btc,1790323200000,98000.0,call,44.56,0.00039855,0.0003,0.0005,64440.48,343.7
1785893027,btc,1786089600000,68000.0,call,36.3,0.00020079,0.0001,0.0003,64062.1,1282.9
1785893027,btc,1813910400000,30000.0,put,59.84,0.01311299,0.0125,0.0135,66565.23,307.8
1785893027,btc,1790323200000,100000.0,put,46.4,0.55222964,0.546,0.562,64440.48,365.8
1785893027,btc,1787904000000,64000.0,call,31.02,0.03287118,0.0325,0.0335,64213.3,460.1
1785893027,btc,1785916800000,68000.0,put,36.51,0.06201479,0.026,0.1005,64030.82,0.0
1785893027,btc,1786089600000,63000.0,put,29.75,0.0032649,0.0031,0.0036,64063.18,271.5
1785893027,btc,1790323200000,102000.0,call,47.35,0.00033847,0.0003,0.0006,64441.56,91.2
1785893027,btc,1787904000000,71000.0,call,29.34,0.00314242,0.0029,0.0031,64214.48,1437.2
1785893027,btc,1806048000000,102000.0,call,39.8,0.01514595,0.0145,0.016,65822.01,105.8
1785893027,btc,1786089600000,58000.0,put,55.14,0.00015918,0.0001,0.0002,64062.1,1347.6
1785893027,btc,1798185600000,78000.0,put,37.93,0.23061109,0.2255,0.236,65143.09,234.6
1785893027,btc,1787904000000,71000.0,put,29.34,0.10884081,0.102,0.1235,64213.3,11.5
1785893027,btc,1813910400000,76000.0,put,41.16,0.24496482,0.242,0.248,66565.23,0.2
1785893027,btc,1790323200000,80000.0,call,33.78,0.00252375,0.0024,0.0025,64441.56,3197.3
1785893027,btc,1813910400000,78000.0,call,41.04,0.0942214,0.093,0.095,66565.08,9.0
1785893027,btc,1787904000000,58000.0,call,37.68,0.1033381,0.1,0.1065,64213.3,155.1
1785893027,btc,1785916800000,64000.0,put,23.29,0.00232789,0.002,0.0024,64030.68,23.9
1785893027,btc,1785916800000,63500.0,put,25.34,0.00039387,0.0003,0.0005,64030.82,25.3
1785893027,btc,1785916800000,62000.0,call,40.43,0.03169826,0.0275,0.0365,64030.68,0.1
1785893027,btc,1813910400000,62000.0,call,42.97,0.19161215,0.189,0.194,66565.23,94.3
1785893027,btc,1790323200000,92000.0,put,40.34,0.42824614,0.3795,0.4825,64441.56,4.0
1785893027,btc,1785916800000,65500.0,call,33.71,2.16e-05,,0.0001,64030.82,194.8
1785893027,btc,1806048000000,58000.0,call,42.8,0.19570572,0.1925,0.1975,65822.01,5.2
1785893027,btc,1806048000000,94000.0,call,39.47,0.0242115,0.0235,0.025,65822.01,130.5
1785893027,btc,1787904000000,53000.0,put,45.77,0.00211104,0.002,0.0023,64213.3,362.2
1785893027,btc,1806048000000,72000.0,call,40.0,0.09119124,0.0905,0.092,65822.01,66.0
1785893027,btc,1785916800000,65000.0,put,32.8,0.01533901,0.0085,0.0515,64030.82,0.0
1785893027,btc,1813910400000,50000.0,call,46.4,0.30654668,0.3015,0.3095,66565.23,17.1
1785893027,btc,1798185600000,55000.0,call,42.96,0.19501941,0.193,0.197,65144.32,44.9
1785893027,btc,1790323200000,52000.0,call,44.76,0.20020808,0.197,0.203,64440.48,75.0
1785893027,btc,1798185600000,240000.0,call,62.53,8.034e-05,,0.0003,65144.32,874.4
1785893027,btc,1787904000000,69000.0,put,29.28,0.08127888,0.077,0.085,64213.3,49.4
1785893027,btc,1786694400000,55000.0,call,46.33,0.14255843,0.1115,0.1735,64110.45,0.0
1785893027,btc,1786003200000,59000.0,call,49.11,0.07871793,0.046,0.1105,64041.64,0.0
1785893027,btc,1806048000000,66000.0,put,40.89,0.13139029,0.13,0.1325,65822.01,123.9
1785893027,btc,1786176000000,63000.0,call,30.74,0.02164587,0.02,0.0235,64062.86,25.0
1785893027,btc,1798185600000,75000.0,call,37.91,0.04300857,0.0425,0.0435,65143.09,1863.8
1785893027,btc,1786003200000,65500.0,put,27.26,0.02339891,0.0155,0.027,64040.45,0.0
1785893027,btc,1786176000000,61500.0,call,34.14,0.04154202,0.038,0.0455,64062.86,0.0
1785893027,btc,1806048000000,35000.0,put,57.67,0.01292319,0.0125,0.0135,65822.01,592.7
1785893027,btc,1786176000000,68000.0,call,33.46,0.00037764,0.0003,0.0005,64061.67,57.6
1785893027,btc,1813910400000,30000.0,call,59.84,0.56241736,0.5605,0.5655,66565.23,36.6
1785893027,btc,1793347200000,73000.0,call,34.82,0.02508779,0.0245,0.0255,64701.46,16.5
1785893027,btc,1787904000000,61000.0,put,33.75,0.01395182,0.0135,0.0145,64213.3,626.9
1785893027,btc,1787299200000,61000.0,put,33.19,0.00943393,0.009,0.01,64158.61,76.5
1785893027,btc,1786176000000,68000.0,put,33.46,0.06186508,0.026,0.101,64061.67,0.1
1785893027,btc,1785916800000,64500.0,call,25.96,0.00056443,0.0004,0.0006,64030.82,427.6
1785893027,btc,1790323200000,50000.0,put,47.46,0.00540602,0.005,0.0055,64441.56,3715.6
1785893027,btc,1786089600000,80000.0,put,56.7,0.2488072,0.2065,0.2935,64062.1,0.1
1785893027,btc,1806048000000,64000.0,put,41.24,0.11575767,0.1145,0.117,65822.01,143.1
1785893027,btc,1787904000000,61000.0,call,33.75,0.06398561,0.0615,0.067,64213.3,610.8
1785893027,btc,1806048000000,115000.0,put,40.75,0.75473859,0.6905,0.8315,65822.01,1.1
1785893027,btc,1806048000000,35000.0,call,57.67,0.48117259,0.4795,0.4825,65820.93,5.3
1785893027,btc,1813910400000,54000.0,put,44.97,0.07540727,0.074,0.0765,66565.08,17.9
1785893027,btc,1786694400000,63000.0,call,30.19,0.02891691,0.028,0.0295,64109.3,50.8
1785893027,btc,1790323200000,140000.0,put,67.85,1.17268292,1.099,1.2525,64441.56,1.4
1785893027,btc,1787299200000,59000.0,put,36.14,0.00503981,0.0048,0.0055,64158.61,116.2
1785893027,btc,1787904000000,70000.0,call,29.28,0.00463168,0.0043,0.0045,64213.3,1902.0
1785893027,btc,1806048000000,108000.0,put,40.14,0.65164274,0.6455,0.6575,65822.01,0.1
1785893027,btc,1806048000000,180000.0,call,49.09,0.00104901,0.0008,0.0013,65822.01,641.5
1785893027,btc,1806048000000,84000.0,put,39.36,0.3205099,0.3165,0.3255,65820.93,55.1
1785893027,btc,1787904000000,76000.0,put,33.05,0.1842965,0.144,0.2295,64213.3,5.4
1785893027,btc,1786176000000,57000.0,call,49.56,0.11031595,0.0785,0.141,64061.67,0.0
1785893027,btc,1793347200000,72000.0,put,34.96,0.14161466,0.1395,0.1445,64701.46,5.1
1785893027,btc,1786089600000,65000.0,call,27.7,0.00333579,0.0031,0.0036,64062.1,402.6
1785893027,btc,1786089600000,61000.0,call,37.83,0.04840143,0.043,0.0515,64062.1,42.6
1785893027,btc,1793347200000,50000.0,put,46.11,0.01219886,0.0115,0.013,64701.46,67.2
1785893027,btc,1786176000000,67000.0,put,30.51,0.04664529,0.0125,0.0845,64062.86,0.0
1785893027,btc,1786089600000,69000.0,call,40.5,0.00011371,,0.0002,64062.1,1304.6
1785893027,btc,1786003200000,62000.0,put,33.36,0.00040804,0.0003,0.0005,64040.45,71.7
1785893027,btc,1785916800000,69000.0,put,37.14,0.07763266,0.041,0.1165,64030.68,0.0
1785893027,btc,1790323200000,120000.0,call,57.97,0.00018236,0.0001,0.0003,64441.56,1139.5
1785893027,btc,1793347200000,78000.0,call,34.83,0.01262661,0.012,0.013,64701.46,78.7
1785893027,btc,1790323200000,170000.0,put,71.81,1.63813046,1.5485,1.733,64441.56,0.0
1785893027,btc,1787904000000,72000.0,put,29.8,0.12349451,0.119,0.128,64213.3,86.3
1785893027,btc,1786003200000,69000.0,call,38.58,3.35e-06,,0.0001,64040.45,0.0
1785893027,btc,1806048000000,88000.0,call,39.37,0.03477562,0.034,0.0355,65820.93,70.6
1785893027,btc,1806048000000,74000.0,put,39.79,0.20526392,0.2025,0.208,65822.01,54.0
1785893027,btc,1806048000000,170000.0,call,47.6,0.00123126,0.001,0.0016,65822.01,249.8
1785893027,btc,1786089600000,70000.0,put,41.71,0.0927437,0.056,0.133,64062.1,0.4
1785893027,btc,1787904000000,73000.0,put,30.38,0.13844605,0.1,0.184,64213.3,4.7
1785893027,btc,1806048000000,74000.0,call,39.79,0.08099122,0.08,0.082,65822.01,50.0
1785893027,btc,1786694400000,72000.0,call,32.88,0.00026046,0.0002,0.0003,64110.45,1448.4
1785893027,btc,1798185600000,64000.0,put,39.47,0.08866847,0.088,0.0895,65144.32,270.4
1785893027,btc,1787904000000,84000.0,call,43.42,0.00029272,0.0002,0.0004,64213.3,59.9
1785893027,btc,1806048000000,54000.0,call,44.18,0.23662357,0.233,0.2395,65820.93,0.1
1785893027,btc,1786089600000,53000.0,put,74.98,9.9e-06,,0.0001,64063.18,73.8
1785893027,btc,1790323200000,115000.0,call,54.52,0.00018415,0.0001,0.0004,64440.48,2175.6
1785893027,btc,1787904000000,60000.0,call,34.83,0.07634219,0.073,0.0795,64213.3,370.3
1785893027,btc,1813910400000,84000.0,put,40.74,0.33329026,0.33,0.337,66565.23,0.1
1785893027,btc,1806048000000,120000.0,put,41.34,0.82917777,0.764,0.907,65820.93,1.8
1785893027,btc,1793347200000,78000.0,put,34.83,0.21819149,0.2135,0.2225,64701.46,0.1
1785893027,btc,1787299200000,66000.0,call,28.5,0.01263693,0.012,0.0135,64158.81,395.8
1785893027,btc,1806048000000,104000.0,put,39.83,0.59346419,0.5875,0.5995,65822.01,0.1
1785893027,btc,1786003200000,59000.0,put,49.11,1.956e-05,,0.0001,64040.45,45.2
1785893027,btc,1786003200000,61000.0,put,41.64,0.0002174,0.0002,0.0003,64040.45,85.0
1785893027,btc,1786176000000,56000.0,put,52.83,5.166e-05,,0.0001,64061.67,30.0
1785893027,btc,1787904000000,57000.0,put,39.16,0.00516875,0.005,0.0055,64213.3,998.9
1785893027,btc,1806048000000,94000.0,put,39.47,0.45234168,0.447,0.524,65822.01,9.1
1785893027,btc,1798185600000,100000.0,put,39.61,0.54023058,0.528,0.551,65144.32,303.3
1785893027,btc,1798185600000,75000.0,put,37.91,0.1943282,0.192,0.197,65144.32,896.2
1785893027,btc,1787904000000,70000.0,put,29.28,0.09475685,0.0905,0.1,64213.3,181.5
1785893027,btc,1787904000000,60000.0,put,34.83,0.01073519,0.0105,0.0115,64213.3,1556.3
1785893027,btc,1787299200000,69000.0,put,28.21,0.07879745,0.064,0.1,64158.81,0.0
1785893027,btc,1790323200000,130000.0,call,64.47,0.00018195,0.0001,0.0003,64441.56,1431.6
1785893027,btc,1806048000000,76000.0,call,39.58,0.07171926,0.071,0.0725,65822.01,303.9
1785893027,btc,1813910400000,92000.0,call,40.59,0.04929765,0.0485,0.05,66565.23,3.3
1785893027,btc,1793347200000,65000.0,put,36.31,0.0728366,0.072,0.0735,64701.46,125.6
1785893027,btc,1793347200000,59000.0,put,38.84,0.03623667,0.0355,0.037,64701.46,0.7
1785893027,btc,1786176000000,65500.0,call,28.41,0.00312694,0.0029,0.0034,64062.86,12.2
1785893027,btc,1790323200000,92000.0,call,40.34,0.00056103,0.0005,0.0007,64440.48,490.0
1785893027,btc,1790323200000,125000.0,call,61.3,0.00018214,0.0001,0.0003,64440.48,2323.7
1785893027,btc,1793347200000,82000.0,call,35.02,0.00713924,0.0065,0.0075,64701.46,4.9
1785893027,btc,1798185600000,120000.0,put,43.29,0.84360863,0.828,0.857,65144.32,35.6
1785893027,btc,1787299200000,60000.0,put,34.53,0.00684054,0.0065,0.0075,64158.81,553.5
1785893027,btc,1787904000000,56000.0,call,40.71,0.1319858,0.1285,0.1355,64213.3,63.4
1785893027,btc,1786176000000,58000.0,put,46.3,0.00016843,0.0001,0.0003,64061.67,30.7
1785893027,btc,1813910400000,70000.0,put,41.71,0.18697007,0.1855,0.1885,66565.08,9.5
1785893027,btc,1798185600000,220000.0,put,59.49,2.3772977,2.2625,2.5,65144.32,0.0
1785893027,btc,1806048000000,65000.0,call,41.06,0.13587749,0.135,0.137,65822.01,211.5
1785893027,btc,1806048000000,130000.0,call,42.49,0.00397089,0.0036,0.0043,65822.01,1057.3
1785893027,btc,1790323200000,175000.0,call,71.81,1.085e-05,,0.0002,64441.56,1355.3
1785893027,btc,1786176000000,67000.0,call,30.51,0.00076796,0.0006,0.0009,64062.86,20.4
1785893027,btc,1787904000000,74000.0,put,31.14,0.15361074,0.1145,0.1985,64213.3,3.3
1785893027,btc,1787904000000,50000.0,call,51.04,0.22246692,0.218,0.2255,64213.3,51.0
1785893027,btc,1786694400000,65000.0,call,28.17,0.01193384,0.0115,0.0125,64109.3,479.3
1785893027,btc,1806048000000,84000.0,call,39.36,0.04430846,0.0435,0.045,65822.01,267.1
1785893027,btc,1813910400000,160000.0,call,44.54,0.00426168,0.0038,0.0047,66565.08,513.5
1785893027,btc,1813910400000,170000.0,put,45.28,1.55724242,1.4675,1.66,66565.08,14.6
1785893027,btc,1790323200000,86000.0,put,36.69,0.33560465,0.29,0.386,64440.48,11.6
1785893027,btc,1787299200000,75000.0,call,34.21,0.00042495,0.0004,0.0005,64158.61,1438.5
1785893027,btc,1786003200000,61500.0,call,36.6,0.03991282,0.013,0.0725,64040.45,0.0
1785893027,btc,1785916800000,59000.0,call,53.72,0.07854599,0.045,0.1095,64030.82,0.0
1785893027,btc,1790323200000,68000.0,call,32.63,0.0272405,0.0265,0.028,64441.56,837.9
1785893027,btc,1786694400000,62000.0,call,31.55,0.04039004,0.038,0.0425,64109.3,6.4
1785893027,btc,1790323200000,280000.0,call,81.51,9e-08,,0.0001,64440.48,91.7
1785893027,btc,1798185600000,230000.0,call,62.41,0.00011601,,0.0003,65144.32,195.9
1785893027,btc,1798185600000,50000.0,put,46.17,0.02439435,0.024,0.025,65144.32,1927.7
1785893027,btc,1787904000000,65000.0,call,30.45,0.02510837,0.0245,0.0255,64213.3,1280.9
1785893027,btc,1787904000000,68000.0,put,29.17,0.0684437,0.064,0.0725,64213.3,85.0
1785893027,btc,1787904000000,76000.0,call,33.05,0.00073203,0.0006,0.0009,64213.3,924.6
1785893027,btc,1798185600000,54000.0,put,43.51,0.03571632,0.035,0.0365,65143.09,1811.3
1785893027,btc,1798185600000,92000.0,put,38.45,0.421855,0.4,0.4605,65144.32,4.6
1785893027,btc,1787904000000,40000.0,call,69.17,0.37721245,0.3545,0.3995,64213.3,23.4
1785893027,btc,1806048000000,78000.0,put,39.45,0.24855555,0.2455,0.2515,65822.01,183.0
1785893027,btc,1785916800000,61500.0,call,42.45,0.03950211,0.0125,0.0715,64030.82,0.0
1785893027,btc,1790323200000,54000.0,call,42.16,0.17155523,0.1555,0.1985,64440.48,7.2
1785893027,btc,1798185600000,108000.0,call,40.86,0.00291047,0.0026,0.0031,65144.32,122.2
1785893027,btc,1798185600000,60000.0,put,40.74,0.06272807,0.062,0.0635,65144.32,6448.4
1785893027,btc,1786176000000,64500.0,call,28.76,0.00782124,0.007,0.0085,64061.67,22.9
1785893027,btc,1786176000000,65000.0,call,28.53,0.00506865,0.0047,0.0055,64061.67,7.0
1785893027,btc,1787299200000,55000.0,call,43.44,0.14436486,0.113,0.1765,64158.81,0.0
1785893027,btc,1813910400000,58000.0,call,43.88,0.22591849,0.2235,0.2285,66565.23,5.0
1785893027,btc,1798185600000,250000.0,put,62.95,2.83779229,2.707,2.9765,65144.32,10.0
1785893027,btc,1790323200000,85000.0,call,36.13,0.0011674,0.001,0.0013,64440.48,1193.8
1785893027,btc,1785916800000,60000.0,put,51.98,1e-08,,0.0001,64030.68,56.2
1785893027,btc,1806048000000,190000.0,put,50.72,1.88759233,1.7885,1.9965,65822.01,0.9
1785893027,btc,1798185600000,160000.0,call,50.91,0.0003421,0.0002,0.0005,65144.32,1224.0
1785893027,btc,1798185600000,88000.0,put,38.04,0.36430721,0.3335,0.4145,65144.32,4.2
1785893027,btc,1790323200000,96000.0,put,43.17,0.49019972,0.4395,0.5455,64440.48,1.0
1785893027,btc,1798185600000,96000.0,put,39.01,0.4806541,0.4505,0.543,65143.09,11.3
1785893027,btc,1798185600000,90000.0,call,38.07,0.01112817,0.0105,0.0115,65144.32,3304.4
1785893027,btc,1806048000000,66000.0,call,40.89,0.12866058,0.1275,0.13,65822.01,17.8
1785893027,btc,1813910400000,62000.0,put,42.97,0.12304977,0.1215,0.1245,66565.08,35.5
1785893027,btc,1786176000000,58000.0,call,46.3,0.09478209,0.062,0.1265,64062.86,0.0
1785893027,btc,1786003200000,60000.0,put,49.06,0.00011976,,0.0002,64041.64,27.4
1785893027,btc,1806048000000,200000.0,put,51.3,2.03929511,1.9355,2.153,65822.01,1.0
1785893027,btc,1806048000000,45000.0,call,48.95,0.34441409,0.341,0.3475,65822.01,3.3
1785893027,btc,1790323200000,30000.0,put,86.15,0.00065336,0.0006,0.0007,64440.48,2504.0
1785893027,btc,1793347200000,95000.0,call,38.31,0.0016139,0.0014,0.0017,64701.46,20.3
1785893027,btc,1806048000000,160000.0,call,46.1,0.00149364,0.0013,0.0018,65822.01,860.5
1785893027,btc,1790323200000,260000.0,call,78.83,1.3e-07,,0.0001,64441.56,291.7
1785893027,btc,1793347200000,50000.0,call,46.11,0.2394005,0.2365,0.2575,64701.46,0.1
1785893027,btc,1787299200000,55000.0,put,43.44,0.00163366,0.0015,0.0018,64158.81,48.4
1785893027,btc,1798185600000,66000.0,put,39.02,0.10430835,0.1035,0.1055,65144.32,366.5
1785893027,btc,1790323200000,82000.0,call,35.05,0.00193641,0.0018,0.002,64440.48,2527.4
1785893027,btc,1786694400000,66000.0,put,27.6,0.03630877,0.0335,0.039,64110.45,3.2
1785893027,btc,1806048000000,92000.0,put,39.42,0.42504451,0.42,0.497,65822.01,0.6
1785893027,btc,1798185600000,190000.0,put,56.59,1.91688126,1.8175,2.0235,65144.32,0.0
1785893027,btc,1798185600000,35000.0,call,62.36,0.46932724,0.4685,0.4705,65144.32,77.7
1785893027,btc,1798185600000,160000.0,put,50.91,1.45649064,1.3725,1.5475,65144.32,0.0
1785893027,btc,1798185600000,120000.0,call,43.29,0.00149723,0.0013,0.0016,65144.32,6033.2
1785893027,btc,1806048000000,72000.0,put,40.0,0.18507819,0.1825,0.187,65820.93,139.1
1785893027,btc,1786089600000,62500.0,call,31.32,0.02641299,0.0235,0.03,64062.1,21.1
1785893027,btc,1787299200000,65000.0,call,29.26,0.01879178,0.018,0.0195,64158.61,96.1
1785893027,btc,1787299200000,68000.0,put,28.21,0.06523674,0.061,0.1075,64158.61,0.0
1785893027,btc,1786003200000,66000.0,put,28.39,0.03085369,0.0125,0.068,64040.45,0.0
1785893027,btc,1798185600000,150000.0,call,49.37,0.00048126,0.0003,0.0007,65144.32,1626.0
1785893027,btc,1793347200000,58000.0,put,39.42,0.03202604,0.0315,0.0325,64701.46,15.1
1785893027,btc,1806048000000,58000.0,put,42.8,0.07689243,0.076,0.078,65822.01,109.5
1785893027,btc,1787904000000,54000.0,put,44.04,0.00261561,0.0026,0.0029,64213.3,1493.3
1785893027,btc,1787904000000,81000.0,call,39.41,0.00037059,0.0003,0.0004,64213.3,1451.4
1785893027,btc,1787904000000,95000.0,call,56.1,0.0001473,0.0001,0.0002,64213.3,27.3
1785893027,btc,1813910400000,100000.0,call,40.65,0.03430405,0.0335,0.035,66565.23,76.0
1785893027,btc,1786003200000,56000.0,call,62.3,0.12554534,0.094,0.155,64040.45,0.0
1785893027,btc,1790323200000,88000.0,call,37.45,0.00075537,0.0006,0.0009,64441.56,655.6
1785893027,btc,1798185600000,66000.0,call,39.02,0.09114708,0.0905,0.092,65144.32,262.1
1785893027,btc,1798185600000,102000.0,call,39.77,0.00434184,0.0041,0.0045,65144.32,214.0
1785893027,btc,1787904000000,69000.0,call,29.28,0.00672694,0.006,0.007,64213.3,832.0
1785893027,btc,1806048000000,104000.0,call,39.83,0.01340526,0.013,0.014,65822.01,101.4
1785893027,btc,1793347200000,84000.0,call,35.47,0.00556463,0.005,0.006,64701.46,23.1
1785893027,btc,1787904000000,95000.0,put,56.1,0.47960288,0.4295,0.534,64213.3,0.3
1785893027,btc,1798185600000,170000.0,call,52.21,0.00024327,0.0001,0.0006,65143.09,2384.5
1785893027,btc,1790323200000,65000.0,call,33.72,0.04638276,0.0455,0.047,64441.56,1238.6
1785893027,btc,1786694400000,55000.0,put,46.33,0.00047336,0.0004,0.0006,64110.45,528.3
1785893027,btc,1793347200000,85000.0,put,35.69,0.31866884,0.2945,0.365,64701.46,0.0
1785893027,btc,1806048000000,130000.0,put,42.49,0.97904455,0.909,1.06,65822.01,0.3
1785893027,btc,1787299200000,72000.0,put,30.03,0.12315786,0.0855,0.167,64158.81,0.0
1785893027,btc,1806048000000,80000.0,put,39.42,0.27186624,0.2685,0.275,65822.01,139.2
1785893027,btc,1786694400000,61000.0,call,33.25,0.05333502,0.051,0.055,64110.45,6.0
1785893027,btc,1787299200000,69000.0,call,28.21,0.00331477,0.003,0.0034,64158.81,422.3
1785893027,btc,1787904000000,62000.0,call,32.71,0.05247974,0.05,0.054,64213.3,896.1
1785893027,btc,1786089600000,62500.0,put,31.32,0.00204361,0.0019,0.0023,64062.1,62.0
1785893027,btc,1787299200000,53000.0,call,47.65,0.17491767,0.1445,0.205,64158.81,0.0
1785893027,btc,1786089600000,61500.0,put,35.25,0.00086325,0.0008,0.001,64062.1,37.2
1785893027,btc,1793347200000,52000.0,call,44.01,0.21157847,0.209,0.2365,64701.46,0.1
1785893027,btc,1786003200000,63500.0,put,26.8,0.00295499,0.0027,0.0032,64041.64,12.8
1785893027,btc,1790323200000,300000.0,call,84.97,9e-08,,0.0001,64440.48,192.1
1785893027,btc,1806048000000,40000.0,call,52.96,0.41142468,0.408,0.414,65822.01,81.3
1785893027,btc,1813910400000,64000.0,call,42.61,0.17607353,0.1745,0.1775,66565.08,18.1
1785893027,btc,1790323200000,135000.0,call,66.59,0.00015618,,0.0002,64441.56,271.8
1785893027,btc,1790323200000,72000.0,put,32.05,0.12951329,0.1255,0.1345,64440.48,273.2
1785893027,btc,1806048000000,85000.0,put,39.34,0.3330772,0.3285,0.398,65822.01,0.9
1785893027,btc,1787904000000,55000.0,call,42.36,0.14673289,0.143,0.15,64213.3,11.8
1785893027,btc,1790323200000,62000.0,put,35.23,0.03489431,0.0345,0.0355,64441.56,1150.9
1785893027,btc,1785916800000,68000.0,call,36.51,0.0,,0.0001,64030.82,1.5
1785893027,btc,1806048000000,55000.0,call,43.78,0.22591028,0.2225,0.2285,65822.01,28.6
1785893027,btc,1793347200000,75000.0,put,34.77,0.17832265,0.1655,0.2115,64701.46,1.1
1785893027,btc,1806048000000,62000.0,call,41.69,0.1595649,0.1585,0.161,65822.01,42.2
1785893027,btc,1787904000000,110000.0,call,65.75,3.434e-05,,0.0001,64213.3,105.0
1785893027,btc,1813910400000,150000.0,put,43.65,1.25899855,1.1785,1.353,66565.23,0.0
1785893027,btc,1790323200000,120000.0,put,57.97,0.86238033,0.8525,0.876,64441.56,174.5
1785893027,btc,1813910400000,52000.0,call,45.64,0.28486361,0.2825,0.288,66565.08,1.1
1785893027,btc,1787904000000,94000.0,call,54.77,0.00014739,0.0001,0.0002,64213.3,199.3
1785893027,btc,1787299200000,62000.0,put,32.02,0.01302666,0.0125,0.0135,64158.61,63.3
1785893027,btc,1786003200000,64500.0,put,26.16,0.01043525,0.0095,0.011,64040.45,0.5
1785893027,btc,1790323200000,50000.0,call,47.46,0.22949044,0.226,0.2325,64441.56,30.5
1785893027,btc,1787904000000,96000.0,call,56.47,0.00012363,0.0001,0.0002,64213.3,23.6
1785893027,btc,1786176000000,56000.0,call,52.83,0.12588553,0.0945,0.1565,64061.67,0.0
1785893027,btc,1790323200000,96000.0,call,43.17,0.00044134,0.0004,0.0005,64440.48,306.9
1785893027,btc,1806048000000,112000.0,call,40.38,0.00867538,0.008,0.009,65822.01,62.7
1785893027,btc,1793347200000,84000.0,put,35.47,0.30386588,0.281,0.3335,64700.31,0.0
1785893027,btc,1806048000000,82000.0,call,39.32,0.04985326,0.049,0.0505,65822.01,677.8
1785893027,btc,1793347200000,67000.0,call,35.83,0.05427186,0.0535,0.055,64701.46,20.4
1785893027,btc,1790323200000,55000.0,call,41.11,0.15771493,0.1545,0.161,64440.48,83.8
1785893027,btc,1785916800000,62000.0,put,40.43,5.87e-06,,0.0001,64030.68,119.8
1785893027,btc,1786003200000,61500.0,put,36.6,0.00025266,0.0002,0.0004,64040.45,304.4
1785893027,btc,1787299200000,58000.0,put,37.79,0.00372126,0.0035,0.004,64158.61,287.8
1785893027,btc,1813910400000,88000.0,call,40.63,0.05924857,0.058,0.06,66565.23,2.9
1785893027,btc,1798185600000,74000.0,put,37.95,0.18284885,0.179,0.185,65143.09,106.0
1785893027,btc,1813910400000,45000.0,call,48.72,0.3646444,0.362,0.368,66565.23,0.6
1785893027,btc,1790323200000,74000.0,call,32.22,0.00810121,0.0075,0.0085,64441.56,780.1
1785893027,btc,1786089600000,64500.0,call,27.64,0.00573282,0.005,0.006,64063.18,94.2
1785893027,btc,1813910400000,54000.0,call,44.97,0.26415514,0.262,0.267,66565.23,0.7
1785893027,btc,1786003200000,64500.0,call,26.16,0.00324956,0.0029,0.0035,64041.64,22.8
1785893027,btc,1786694400000,75000.0,call,39.29,0.0001335,0.0001,0.0002,64109.3,627.7
1785893027,btc,1798185600000,84000.0,call,38.0,0.01946135,0.019,0.0195,65144.32,770.0
1785893027,btc,1793347200000,65000.0,call,36.31,0.06819873,0.0675,0.0685,64701.46,230.1
1785893027,btc,1787904000000,85000.0,call,44.82,0.00027901,0.0002,0.0004,64213.3,319.2
1785893027,btc,1786003200000,57000.0,call,57.06,0.10993117,0.0785,0.14,64040.45,0.0
1785893027,btc,1786089600000,80000.0,call,56.7,0.0,,0.0001,64063.18,573.7
1785893027,btc,1790323200000,76000.0,put,32.51,0.18475023,0.1795,0.1895,64440.48,599.6
1785893027,btc,1787904000000,98000.0,call,59.9,0.0001443,,0.0002,64213.3,160.9
1785893027,btc,1790323200000,54000.0,put,42.16,0.00954432,0.009,0.01,64441.56,522.2
1785893027,btc,1786176000000,62000.0,put,32.82,0.00230515,0.0021,0.0026,64061.67,2.2
1785893027,btc,1787904000000,100000.0,call,59.96,9.351e-05,,0.0001,64213.3,189.9
1785893027,btc,1798185600000,76000.0,call,37.89,0.03943189,0.039,0.04,65144.32,381.9
1785893027,btc,1813910400000,86000.0,put,40.69,0.35704802,0.325,0.361,66565.08,0.1
1785893027,btc,1786694400000,72000.0,put,32.88,0.1233491,0.085,0.1645,64109.3,0.0
1785893027,btc,1785916800000,60500.0,call,51.89,0.0551193,0.0215,0.087,64030.68,0.0
1785893027,btc,1813910400000,92000.0,put,40.59,0.43143091,0.3845,0.436,66565.08,0.1
1785893027,btc,1787904000000,82000.0,call,40.09,0.00029688,0.0002,0.0005,64213.3,1505.6
1785893027,btc,1786089600000,63000.0,call,29.75,0.01982923,0.019,0.0225,64062.1,185.3
1785893027,btc,1798185600000,104000.0,call,40.11,0.00377512,0.0035,0.0039,65144.32,85.2
1785893027,btc,1790323200000,66000.0,call,33.33,0.03921725,0.0385,0.04,64441.56,989.1
1785893027,btc,1790323200000,155000.0,put,70.97,1.40539127,1.324,1.493,64441.56,0.1
1785893027,btc,1790323200000,105000.0,call,49.81,0.00033089,0.0002,0.0006,64441.56,1207.0
1785893027,btc,1786003200000,63000.0,put,28.31,0.00143975,0.0013,0.0016,64040.45,217.0
1785893027,btc,1798185600000,88000.0,call,38.04,0.01342551,0.013,0.0135,65144.32,2572.2
1785893027,btc,1793347200000,72000.0,call,34.96,0.02878502,0.028,0.0295,64701.46,85.0
1785893027,btc,1786694400000,68000.0,put,27.51,0.06256602,0.0475,0.072,64110.45,0.2
1785893027,btc,1786003200000,58000.0,put,51.19,4.04e-06,,0.0001,64040.45,32.5
1785893027,btc,1813910400000,56000.0,put,44.4,0.08583538,0.0845,0.087,66565.08,41.6
1785893027,btc,1806048000000,105000.0,put,40.0,0.6080786,0.602,0.6815,65822.01,0.1
1785893027,btc,1787904000000,80000.0,put,38.01,0.24626088,0.2415,0.2535,64213.3,29.5
1785893027,btc,1786003200000,58000.0,call,51.19,0.09431769,0.062,0.125,64040.45,0.0
1785893027,btc,1793347200000,63000.0,call,36.94,0.08452387,0.084,0.0855,64700.31,112.0
1785893027,btc,1793347200000,90000.0,put,36.85,0.39373857,0.345,0.449,64701.46,0.1
1785893027,btc,1786694400000,59000.0,call,36.94,0.08171596,0.078,0.085,64109.3,0.0
1785893027,btc,1813910400000,105000.0,put,40.74,0.60487203,0.5995,0.611,66565.08,0.1
1785893027,btc,1787904000000,52000.0,put,47.26,0.00166071,0.0016,0.0018,64213.3,1286.6
1785893027,btc,1793347200000,73000.0,put,34.82,0.1533734,0.1355,0.1565,64701.46,0.0
1785893027,btc,1790323200000,82000.0,put,35.05,0.27443836,0.2695,0.2825,64441.56,194.1
1785893027,btc,1806048000000,112000.0,put,40.38,0.7102773,0.7035,0.741,65822.01,0.1
1785893027,btc,1786694400000,60000.0,put,34.89,0.00307433,0.0029,0.0033,64110.45,1994.3
1785893027,btc,1798185600000,58000.0,call,41.54,0.16189004,0.16,0.164,65144.32,41.8
1785893027,btc,1787904000000,65000.0,put,30.45,0.03736745,0.0365,0.038,64213.3,852.2
1785893027,btc,1793347200000,56000.0,put,40.72,0.02495474,0.0245,0.0255,64701.46,5.6
1785893027,btc,1787299200000,62000.0,call,32.02,0.04665093,0.0445,0.049,64158.61,23.8
1785893027,btc,1786003200000,71000.0,put,42.32,0.10868512,0.071,0.148,64040.45,0.0
1785893027,btc,1790323200000,66000.0,put,33.33,0.06342614,0.063,0.0645,64441.56,863.7
1785893027,btc,1785916800000,59000.0,put,53.72,0.0,,0.0001,64030.82,71.1
1785893027,btc,1786176000000,61000.0,put,35.77,0.00109683,0.001,0.0013,64061.67,2.8
1785893027,btc,1813910400000,90000.0,call,40.61,0.0540472,0.053,0.055,66565.08,77.9
1785893027,btc,1798185600000,85000.0,call,38.0,0.01773986,0.017,0.018,65143.09,2245.0
1785893027,btc,1785916800000,60500.0,put,51.89,1.1e-07,,0.0001,64030.68,30.9
1785893027,btc,1798185600000,98000.0,put,39.39,0.51042402,0.4565,0.5745,65144.32,1.2
1785893027,btc,1806048000000,78000.0,call,39.45,0.06351136,0.063,0.0635,65822.01,402.6
1785893027,btc,1787904000000,90000.0,put,50.21,0.40176894,0.354,0.453,64213.3,11.1
1785893027,btc,1787904000000,85000.0,put,44.82,0.32400242,0.279,0.373,64213.3,0.8
1785893027,btc,1790323200000,200000.0,put,72.99,2.1036651,1.998,2.2155,64441.56,0.1
1785893027,btc,1787904000000,68000.0,call,29.17,0.00946496,0.009,0.01,64213.3,1041.7
1785893027,btc,1787904000000,52000.0,call,47.26,0.19185344,0.187,0.195,64213.3,51.0
1785893027,btc,1798185600000,78000.0,call,37.93,0.03323868,0.0325,0.0335,65144.32,423.5
1785893027,btc,1790323200000,85000.0,put,36.13,0.3202243,0.314,0.329,64441.56,453.2
1785893027,btc,1787904000000,54000.0,call,44.04,0.16166191,0.158,0.165,64213.3,12.2
1785893027,btc,1785916800000,70000.0,call,40.53,0.0,,0.0001,64030.68,0.0
1785893027,btc,1787299200000,70000.0,call,28.28,0.00200391,0.0018,0.0022,64158.61,1324.2
1785893027,btc,1798185600000,95000.0,put,38.89,0.46588536,0.459,0.4715,65144.32,85.9
1785893027,eth,1813910400000,1900.0,call,57.1,0.21643,0.214,0.218,1920.64,76.0
1785893027,eth,1806048000000,2000.0,put,55.28,0.206154,0.205,0.208,1902.53,1505.0
1785893027,eth,1790323200000,2100.0,put,47.4,0.151628,0.1495,0.1555,1870.93,2716.0
1785893027,eth,1786003200000,1760.0,put,51.42,0.000308,0.0002,0.0004,1865.91,70.0
1785893027,eth,1785916800000,1820.0,put,45.44,0.000106,0.0001,0.0002,1865.92,1575.0
1785893027,eth,1790323200000,16000.0,put,130.17,7.552127,7.224,7.909,1870.88,30.0
1785893027,eth,1806048000000,4500.0,put,59.59,1.375467,1.35,1.433,1902.53,0.0
1785893027,eth,1790323200000,1600.0,call,51.88,0.166179,0.163,0.169,1870.88,3575.0
1785893027,eth,1806048000000,3000.0,put,55.8,0.621069,0.61,0.6345,1902.53,352.0
1785893027,eth,1798185600000,5200.0,put,64.79,1.761224,1.6545,1.883,1884.1,0.0
1785893027,eth,1798185600000,4800.0,call,62.98,0.001794,0.0015,0.0021,1884.15,2521.0
1785893027,eth,1813910400000,2000.0,put,56.91,0.237096,0.2355,0.2395,1920.64,53.0
1785893027,eth,1786089600000,1850.0,put,41.22,0.009109,0.0085,0.0095,1865.99,2072.0
1785893027,eth,1786694400000,1750.0,put,46.24,0.007515,0.007,0.008,1866.47,2928.0
1785893027,eth,1785916800000,2000.0,put,65.81,0.071904,0.031,0.1165,1865.92,0.0
1785893027,eth,1786176000000,2020.0,put,47.47,0.083317,0.042,0.1305,1866.03,0.0
1785893027,eth,1798185600000,2700.0,put,53.18,0.460965,0.4525,0.4745,1884.15,446.0
1785893027,eth,1790323200000,7500.0,call,93.36,6e-06,,0.0002,1870.88,1322.0
1785893027,eth,1790323200000,6800.0,put,93.36,2.634671,2.495,2.7865,1870.93,0.0
1785893027,eth,1786694400000,2000.0,put,41.21,0.076694,0.068,0.0855,1866.47,43.0
1785893027,eth,1786694400000,1950.0,put,40.95,0.054789,0.0515,0.0585,1866.47,588.0
1785893027,eth,1786176000000,1900.0,call,41.96,0.008495,0.0075,0.009,1866.03,71.0
1785893027,eth,1785916800000,2000.0,call,65.81,0.0,,0.0001,1865.87,1684.0
1785893027,eth,1785916800000,1760.0,put,62.15,1e-06,,0.0001,1865.87,302.0
1785893027,eth,1798185600000,7000.0,call,71.64,0.000406,0.0003,0.0007,1884.15,2825.0
1785893027,eth,1785916800000,1860.0,call,33.8,0.005469,0.0047,0.0065,1865.87,608.0
1785893027,eth,1787904000000,2250.0,call,46.17,0.002974,0.0027,0.0031,1867.21,4159.0
1785893027,eth,1798185600000,1800.0,put,53.22,0.107886,0.107,0.1085,1884.15,4872.0
1785893027,eth,1787299200000,1400.0,call,67.46,0.251103,0.2475,0.2555,1867.01,0.0
1785893027,eth,1813910400000,1400.0,put,59.64,0.084244,0.083,0.0855,1920.64,1717.0
1785893027,eth,1813910400000,1600.0,call,58.27,0.292331,0.287,0.2975,1920.58,367.0
1785893027,eth,1798185600000,5000.0,call,63.8,0.00149,0.0012,0.0018,1884.1,4539.0
1785893027,eth,1806048000000,2900.0,put,55.63,0.574083,0.5635,0.5865,1902.48,258.0
1785893027,eth,1813910400000,4500.0,call,59.29,0.023095,0.022,0.024,1920.64,1233.0
1785893027,eth,1790323200000,4500.0,call,79.27,0.000205,0.0001,0.0004,1870.88,8441.0
1785893027,eth,1787904000000,1100.0,put,81.86,0.000263,0.0002,0.0004,1867.21,2137.0
1785893027,eth,1806048000000,4400.0,put,59.46,1.323859,1.2585,1.426,1902.53,0.0
1785893027,eth,1785916800000,1740.0,call,69.84,0.067445,0.029,0.103,1865.92,0.0
1785893027,eth,1793347200000,1600.0,put,52.95,0.038793,0.038,0.0395,1875.8,1224.0
1785893027,eth,1786694400000,1850.0,put,42.16,0.022522,0.022,0.023,1866.47,1577.0
1785893027,eth,1790323200000,7000.0,call,93.36,1.3e-05,,0.0001,1870.88,2033.0
1785893027,eth,1790323200000,11000.0,put,110.93,4.879588,4.654,5.125,1870.88,0.0
1785893027,eth,1790323200000,3300.0,put,61.57,0.764569,0.696,0.8415,1870.93,3.0
1785893027,eth,1785916800000,1750.0,call,66.45,0.062086,0.029,0.0985,1865.92,0.0
1785893027,eth,1806048000000,1000.0,call,65.98,0.494497,0.492,0.497,1902.53,270.0
1785893027,eth,1785916800000,1800.0,put,54.18,3.8e-05,,0.0001,1865.87,3199.0
1785893027,eth,1786003200000,1960.0,call,45.64,0.000371,0.0003,0.0004,1865.96,150.0
1785893027,eth,1813910400000,1500.0,call,58.87,0.322524,0.317,0.328,1920.58,52.0
1785893027,eth,1786003200000,2100.0,call,66.7,1.6e-05,,0.0001,1865.96,62.0
1785893027,eth,1786176000000,1740.0,put,52.67,0.001766,0.0016,0.002,1865.97,4.0
1785893027,eth,1790323200000,8000.0,call,94.35,3e-06,,0.0002,1870.88,1092.0
1785893027,eth,1787299200000,1750.0,call,46.5,0.077188,0.074,0.0805,1867.01,50.0
1785893027,eth,1798185600000,6500.0,put,69.78,2.450446,2.3175,2.5985,1884.15,0.0
1785893027,eth,1790323200000,4200.0,put,74.08,1.245147,1.159,1.341,1870.93,551.0
1785893027,eth,1806048000000,3600.0,call,57.17,0.022854,0.022,0.0235,1902.53,2214.0
1785893027,eth,1786176000000,1720.0,put,54.86,0.001254,0.0011,0.0014,1865.97,1.0
1785893027,eth,1786003200000,2100.0,put,66.7,0.12549,0.083,0.173,1865.96,0.0
1785893027,eth,1786176000000,1800.0,put,46.8,0.005132,0.0048,0.0055,1866.03,4.0
1785893027,eth,1806048000000,3400.0,put,56.6,0.815241,0.8005,0.8295,1902.53,6.0
1785893027,eth,1793347200000,1400.0,call,57.21,0.271653,0.2685,0.2755,1875.85,50.0
1785893027,eth,1798185600000,2600.0,call,52.87,0.033542,0.033,0.0345,1884.15,6483.0
1785893027,eth,1813910400000,2400.0,call,56.5,0.131179,0.1295,0.1325,1920.64,645.0
1785893027,eth,1813910400000,5000.0,call,60.21,0.016815,0.016,0.0175,1920.64,451.0
1785893027,eth,1813910400000,2500.0,put,56.52,0.420699,0.4155,0.429,1920.64,6.0
1785893027,eth,1786694400000,1880.0,call,41.5,0.023006,0.0225,0.0235,1866.47,879.0
1785893027,eth,1786694400000,1700.0,call,49.71,0.093595,0.09,0.0985,1866.47,0.0
1785893027,eth,1793347200000,1850.0,put,50.28,0.089896,0.089,0.091,1875.8,334.0
1785893027,eth,1786003200000,1900.0,put,38.19,0.021011,0.0175,0.025,1865.91,54.0
1785893027,eth,1787904000000,1750.0,put,46.8,0.020945,0.0205,0.0215,1867.21,22016.0
1785893027,eth,1798185600000,4200.0,call,59.92,0.003162,0.0028,0.0035,1884.15,4074.0
1785893027,eth,1786089600000,2200.0,call,79.69,9.4e-05,,0.0002,1865.99,14151.0
1785893027,eth,1785916800000,1920.0,put,54.83,0.029195,0.0043,0.073,1865.92,2.0
1785893027,eth,1786003200000,2020.0,put,59.67,0.082754,0.041,0.129,1865.96,0.0
1785893027,eth,1790323200000,8500.0,call,97.73,3e-06,,0.0002,1870.93,1253.0
1785893027,eth,1806048000000,5000.0,put,61.55,1.635532,1.5295,1.7635,1902.53,0.0
1785893027,eth,1790323200000,4500.0,put,79.27,1.40549,1.313,1.508,1870.93,6.0
1785893027,eth,1786694400000,1700.0,put,49.71,0.004429,0.0042,0.0046,1866.47,997.0
1785893027,eth,1793347200000,3200.0,call,55.75,0.003228,0.0029,0.0035,1875.8,511.0
1785893027,eth,1786694400000,2100.0,call,43.74,0.001381,0.0012,0.0015,1866.47,2928.0
1785893027,eth,1787904000000,1400.0,put,63.38,0.001976,0.0018,0.0021,1867.21,6776.0
1785893027,eth,1787299200000,2100.0,call,43.18,0.004492,0.0043,0.0047,1867.01,428.0
1785893027,eth,1806048000000,800.0,call,72.23,0.590128,0.588,0.5925,1902.48,0.0
1785893027,eth,1806048000000,4400.0,call,59.46,0.011051,0.0105,0.0115,1902.53,1083.0
1785893027,eth,1798185600000,3000.0,put,54.26,0.608735,0.599,0.6235,1884.1,781.0
1785893027,eth,1790323200000,2500.0,put,49.76,0.341829,0.336,0.346,1870.88,3102.0
1785893027,eth,1790323200000,13000.0,call,119.8,2e-06,,0.0003,1870.88,1873.0
1785893027,eth,1790323200000,7200.0,put,93.36,2.848466,2.701,3.0095,1870.93,0.0
1785893027,eth,1813910400000,1900.0,put,57.1,0.205702,0.204,0.208,1920.64,3072.0
1785893027,eth,1786089600000,1920.0,call,40.82,0.003358,0.0031,0.0035,1865.94,11.0
1785893027,eth,1798185600000,4500.0,call,61.49,0.002351,0.002,0.0027,1884.1,2669.0
1785893027,eth,1793347200000,1000.0,put,71.6,0.003523,0.0033,0.0038,1875.85,1303.0
1785893027,eth,1786089600000,1800.0,call,45.54,0.038242,0.0345,0.0425,1865.99,175.0
1785893027,eth,1785916800000,1650.0,call,80.67,0.11568,0.1115,0.122,1865.92,0.0
1785893027,eth,1786089600000,1750.0,put,51.8,0.000993,0.0009,0.0011,1865.99,4900.0
1785893027,eth,1813910400000,1400.0,call,59.64,0.355297,0.3495,0.3605,1920.64,50.0
1785893027,eth,1806048000000,2300.0,call,55.04,0.105108,0.104,0.106,1902.53,5096.0
1785893027,eth,1786176000000,2000.0,put,45.44,0.072874,0.0325,0.119,1866.03,0.0
1785893027,eth,1786003200000,1920.0,call,39.54,0.001267,0.0011,0.0014,1865.96,469.0
1785893027,eth,1787904000000,1850.0,call,44.75,0.049604,0.049,0.0505,1867.21,4146.0
1785893027,eth,1790323200000,6400.0,call,93.36,3.5e-05,,0.0002,1870.88,1918.0
1785893027,eth,1798185600000,3500.0,put,56.46,0.865197,0.843,0.8845,1884.15,52.0
1785893027,eth,1806048000000,6000.0,call,64.18,0.003882,0.0035,0.0042,1902.53,4872.0
1785893027,eth,1787299200000,2400.0,call,50.62,0.000383,0.0003,0.0005,1867.01,1075.0
1785893027,eth,1787299200000,1900.0,put,42.97,0.046036,0.045,0.0465,1867.01,523.0
1785893027,eth,1786176000000,1780.0,put,48.36,0.003527,0.0033,0.0038,1866.03,1.0
1785893027,eth,1787904000000,1200.0,call,76.28,0.357901,0.355,0.3615,1867.25,69.0
1785893027,eth,1793347200000,3400.0,put,57.6,0.814853,0.7435,0.8975,1875.85,0.0
1785893027,eth,1806048000000,3500.0,put,56.93,0.865133,0.789,0.88,1902.53,23.0
1785893027,eth,1790323200000,3500.0,put,63.08,0.871179,0.861,0.8865,1870.88,1133.0
1785893027,eth,1786003200000,2000.0,call,53.57,0.000164,0.0001,0.0002,1865.91,132.0
1785893027,eth,1785916800000,1880.0,put,34.11,0.008704,0.008,0.0095,1865.87,122.0
1785893027,eth,1798185600000,5200.0,call,64.79,0.001285,0.001,0.0016,1884.1,8859.0
1785893027,eth,1790323200000,6500.0,call,93.36,3e-05,,0.0002,1870.88,1337.0
1785893027,eth,1793347200000,2250.0,call,49.73,0.034447,0.0335,0.035,1875.85,34.0
1785893027,eth,1793347200000,1900.0,put,50.01,0.103986,0.103,0.105,1875.8,407.0
1785893027,eth,1790323200000,8000.0,put,94.35,3.276066,3.1125,3.455,1870.93,0.0
1785893027,eth,1785916800000,2100.0,call,67.86,0.0,,0.0001,1865.92,2.0
1785893027,eth,1790323200000,6800.0,call,93.36,1.8e-05,,0.0002,1870.93,1462.0
1785893027,eth,1786176000000,1880.0,call,41.93,0.012411,0.012,0.013,1866.03,201.0
1785893027,eth,1798185600000,4600.0,put,62.01,1.443631,1.3485,1.554,1884.15,0.0
1785893027,eth,1806048000000,900.0,call,68.96,0.541771,0.5395,0.544,1902.53,68.0
1785893027,eth,1785916800000,1880.0,call,34.11,0.001115,0.0009,0.0013,1865.92,1256.0
1785893027,eth,1787904000000,2500.0,call,52.17,0.000712,0.0006,0.0008,1867.21,29019.0
1785893027,eth,1790323200000,3600.0,call,64.88,0.000365,0.0002,0.0006,1870.88,2713.0
1785893027,eth,1790323200000,4600.0,put,81.0,1.458941,1.3645,1.564,1870.93,38.0
1785893027,eth,1806048000000,900.0,put,68.96,0.014855,0.014,0.0155,1902.48,767.0
1785893027,eth,1813910400000,2600.0,put,56.54,0.461786,0.456,0.4705,1920.64,0.0
1785893027,eth,1790323200000,15000.0,put,127.3,7.017619,6.71,7.352,1870.88,0.0
1785893027,eth,1786089600000,2400.0,put,79.93,0.286271,0.2375,0.3395,1865.99,0.0
1785893027,eth,1790323200000,12000.0,put,115.57,5.414096,5.168,5.682,1870.88,0.0
1785893027,eth,1786694400000,1750.0,call,46.24,0.069891,0.0665,0.074,1866.47,50.0
1785893027,eth,1785916800000,1780.0,put,55.41,4e-06,,0.0001,1865.87,703.0
1785893027,eth,1786089600000,2050.0,call,56.96,0.000311,0.0002,0.0004,1865.99,7083.0
1785893027,eth,1793347200000,2300.0,put,49.76,0.255869,0.2195,0.2705,1875.85,0.0
1785893027,eth,1786694400000,2050.0,put,42.02,0.100929,0.091,0.111,1866.47,166.0
1785893027,eth,1793347200000,3600.0,put,59.45,0.920866,0.846,1.007,1875.85,0.0
1785893027,eth,1798185600000,3000.0,call,54.26,0.016463,0.016,0.017,1884.1,5062.0
1785893027,eth,1798185600000,4200.0,put,59.92,1.232343,1.1445,1.3355,1884.15,62.0
1785893027,eth,1806048000000,2100.0,call,55.16,0.136146,0.135,0.1375,1902.48,482.0
1785893027,eth,1806048000000,1300.0,call,60.0,0.364037,0.3615,0.366,1902.53,50.0
1785893027,eth,1798185600000,2200.0,put,52.38,0.239962,0.235,0.244,1884.1,9286.0
1785893027,eth,1785916800000,1950.0,call,59.33,1.7e-05,,0.0001,1865.92,1284.0
1785893027,eth,1786089600000,1800.0,put,45.54,0.002941,0.0028,0.0031,1865.99,16438.0
1785893027,eth,1786176000000,1860.0,put,42.55,0.014511,0.014,0.015,1866.03,20.0
1785893027,eth,1790323200000,1500.0,call,54.77,0.211407,0.208,0.2145,1870.88,976.0
1785893027,eth,1786003200000,1750.0,put,53.64,0.000245,0.0002,0.0003,1865.96,1031.0
1785893027,eth,1793347200000,2200.0,put,49.73,0.212737,0.2075,0.222,1875.85,0.0
1785893027,eth,1786694400000,1920.0,put,40.97,0.043217,0.04,0.0465,1866.47,70.0
1785893027,eth,1787904000000,3000.0,put,66.42,0.606823,0.5455,0.675,1867.25,5.0
1785893027,eth,1786694400000,2400.0,put,60.06,0.28603,0.2365,0.3415,1866.47,2.0
1785893027,eth,1786694400000,1820.0,put,43.18,0.016472,0.016,0.017,1866.47,539.0
1785893027,eth,1798185600000,2100.0,call,52.37,0.087412,0.0865,0.0885,1884.1,1398.0
1785893027,eth,1793347200000,2500.0,put,50.53,0.349641,0.2975,0.3785,1875.8,1.0
1785893027,eth,1786089600000,1600.0,call,79.2,0.142618,0.1385,0.148,1865.99,0.0
1785893027,eth,1786176000000,1960.0,call,42.86,0.002277,0.002,0.0025,1866.03,4.0
1785893027,eth,1785916800000,1950.0,put,59.33,0.045123,0.0285,0.089,1865.87,0.0
1785893027,eth,1786089600000,1700.0,call,59.59,0.089295,0.085,0.0955,1865.99,50.0
1785893027,eth,1806048000000,4800.0,call,60.59,0.008086,0.008,0.0085,1902.53,2851.0
1785893027,eth,1790323200000,3100.0,call,58.1,0.000965,0.0009,0.0011,1870.88,2164.0
1785893027,eth,1790323200000,1600.0,put,51.88,0.021392,0.021,0.022,1870.88,8168.0
1785893027,eth,1798185600000,3300.0,call,55.46,0.010074,0.0095,0.0105,1884.15,1853.0
1785893027,eth,1787299200000,1750.0,put,46.5,0.014546,0.014,0.015,1867.01,156.0
1785893027,eth,1786089600000,1950.0,call,42.69,0.001539,0.0013,0.0016,1865.94,7459.0
1785893027,eth,1786176000000,1920.0,call,42.05,0.005604,0.005,0.006,1866.03,89.0
1785893027,eth,1787904000000,3400.0,put,76.49,0.820967,0.7515,0.898,1867.25,1.0
1785893027,eth,1787904000000,2400.0,call,49.3,0.001146,0.001,0.0013,1867.21,19201.0
1785893027,eth,1787904000000,2400.0,put,49.3,0.286486,0.2365,0.343,1867.21,2.0
1785893027,eth,1793347200000,2150.0,put,49.73,0.192258,0.1865,0.196,1875.8,0.0
1785893027,eth,1785916800000,1960.0,put,65.19,0.050482,0.029,0.095,1865.92,0.0
1785893027,eth,1798185600000,1200.0,call,61.97,0.381426,0.3785,0.384,1884.15,341.0
1785893027,eth,1798185600000,3500.0,call,56.46,0.007546,0.007,0.008,1884.15,28522.0
1785893027,eth,1806048000000,2500.0,put,55.14,0.395568,0.3895,0.4045,1902.53,560.0
1785893027,eth,1786003200000,1600.0,call,79.89,0.142502,0.1385,0.1475,1865.96,0.0
1785893027,eth,1798185600000,1200.0,put,61.97,0.018335,0.0175,0.019,1884.15,7223.0
1785893027,eth,1790323200000,4400.0,call,77.78,0.000214,0.0001,0.0004,1870.88,4355.0
1785893027,eth,1793347200000,4000.0,call,63.22,0.000995,0.0008,0.0012,1875.85,369.0
1785893027,eth,1786176000000,1960.0,put,42.86,0.052709,0.044,0.07,1866.03,0.0
1785893027,eth,1793347200000,2400.0,call,50.02,0.02223,0.0215,0.023,1875.8,183.0
1785893027,eth,1786176000000,2100.0,put,56.17,0.125722,0.0825,0.1745,1866.03,0.0
1785893027,eth,1806048000000,1300.0,put,60.0,0.047381,0.0465,0.048,1902.53,1365.0
1785893027,eth,1813910400000,4500.0,put,59.29,1.366137,1.3115,1.3845,1920.58,1.0
1785893027,eth,1793347200000,2100.0,call,49.73,0.053052,0.052,0.0535,1875.8,807.0
1785893027,eth,1798185600000,2700.0,call,53.18,0.02792,0.027,0.0285,1884.15,3139.0
1785893027,eth,1793347200000,2000.0,put,49.72,0.135967,0.132,0.1395,1875.85,12.0
1785893027,eth,1787904000000,1600.0,put,51.89,0.007098,0.007,0.0075,1867.21,13117.0
1785893027,eth,1813910400000,1800.0,call,57.46,0.239597,0.2365,0.241,1920.58,1253.0
1785893027,eth,1793347200000,3000.0,call,54.31,0.005001,0.0045,0.0055,1875.85,703.0
1785893027,eth,1790323200000,2000.0,call,47.41,0.04382,0.0435,0.044,1870.93,11909.0
1785893027,eth,1798185600000,4500.0,put,61.49,1.390759,1.2975,1.499,1884.15,2.0
1785893027,eth,1793347200000,2600.0,put,51.11,0.398955,0.362,0.4125,1875.8,95.0
1785893027,eth,1798185600000,2900.0,put,53.89,0.558763,0.515,0.574,1884.15,173.0
1785893027,eth,1813910400000,2000.0,call,56.91,0.195744,0.1935,0.1975,1920.58,1852.0
1785893027,eth,1798185600000,4800.0,put,62.98,1.54943,1.45,1.6635,1884.15,77.0
1785893027,eth,1793347200000,4000.0,put,63.22,1.133453,1.051,1.2275,1875.85,0.0
1785893027,eth,1786176000000,1900.0,put,41.96,0.02677,0.024,0.03,1865.97,0.0
1785893027,eth,1813910400000,3000.0,call,56.88,0.074514,0.073,0.076,1920.64,470.0
1785893027,eth,1798185600000,5000.0,put,63.8,1.655277,1.552,1.773,1884.15,2.0
1785893027,eth,1793347200000,2600.0,call,51.11,0.012857,0.012,0.0135,1875.8,408.0
1785893027,eth,1806048000000,3800.0,put,57.63,1.016076,0.9565,1.103,1902.53,1.0
1785893027,eth,1798185600000,2300.0,put,52.42,0.280358,0.277,0.29,1884.15,5186.0
1785893027,eth,1790323200000,6000.0,put,93.36,2.207117,2.084,2.3425,1870.88,0.0
1785893027,eth,1798185600000,2100.0,put,52.37,0.202002,0.198,0.206,1884.15,2977.0
1785893027,eth,1806048000000,2200.0,call,55.06,0.119578,0.1185,0.1205,1902.53,2986.0
1785893027,eth,1786694400000,1850.0,call,42.16,0.03132,0.0305,0.032,1866.47,737.0
1785893027,eth,1787299200000,1650.0,call,50.93,0.122496,0.119,0.127,1867.01,1.0
1785893027,eth,1793347200000,2050.0,call,49.72,0.060918,0.06,0.0615,1875.85,187.0
1785893027,eth,1798185600000,3100.0,call,54.75,0.014021,0.0135,0.0145,1884.15,2328.0
1785893027,eth,1787904000000,1950.0,call,43.86,0.026391,0.0255,0.027,1867.25,4441.0
1785893027,eth,1806048000000,1600.0,call,56.9,0.256711,0.254,0.2585,1902.53,933.0
1785893027,eth,1798185600000,3200.0,call,55.17,0.011931,0.0115,0.0125,1884.15,67558.0
1785893027,eth,1798185600000,4400.0,call,60.87,0.002554,0.0022,0.0029,1884.1,2519.0
1785893027,eth,1786003200000,1940.0,call,42.29,0.000653,0.0005,0.0007,1865.96,78.0
1785893027,eth,1806048000000,4000.0,call,58.28,0.015566,0.015,0.016,1902.53,2176.0
1785893027,eth,1790323200000,7400.0,put,93.36,2.955365,2.8035,3.1205,1870.88,0.0
1785893027,eth,1786003200000,1750.0,call,53.64,0.06235,0.029,0.0995,1865.91,0.0
1785893027,eth,1793347200000,2100.0,put,49.73,0.172592,0.168,0.1765,1875.85,1.0
1785893027,eth,1787904000000,1300.0,call,69.78,0.304847,0.3015,0.309,1867.21,51.0
1785893027,eth,1790323200000,2800.0,put,53.53,0.498644,0.4905,0.5105,1870.88,1287.0
1785893027,eth,1787904000000,1500.0,call,57.35,0.200357,0.197,0.202,1867.21,443.0
1785893027,eth,1790323200000,6200.0,call,93.36,5e-05,,0.0002,1870.93,2026.0
1785893027,eth,1787904000000,2800.0,put,61.04,0.499815,0.442,0.5645,1867.25,0.0
1785893027,eth,1787299200000,1700.0,put,48.48,0.009535,0.009,0.01,1867.01,118.0
1785893027,eth,1806048000000,4600.0,call,60.17,0.009542,0.009,0.01,1902.53,946.0
1785893027,eth,1790323200000,1700.0,put,49.84,0.034455,0.034,0.035,1870.93,4413.0
1785893027,eth,1785916800000,1720.0,call,71.42,0.078163,0.04,0.1135,1865.92,0.0
1785893027,eth,1793347200000,3600.0,call,59.45,0.001654,0.0014,0.0019,1875.85,494.0
1785893027,eth,1806048000000,2000.0,call,55.28,0.154856,0.154,0.156,1902.53,1862.0
1785893027,eth,1785916800000,1820.0,call,45.44,0.024674,0.015,0.062,1865.87,52.0
1785893027,eth,1790323200000,5600.0,put,93.36,1.993385,1.8785,2.1205,1870.93,0.0
1785893027,eth,1786003200000,1740.0,call,54.75,0.067636,0.029,0.104,1865.96,18.0
1785893027,eth,1790323200000,5500.0,call,93.36,0.000169,,0.0004,1870.93,2065.0
1785893027,eth,1813910400000,5000.0,put,60.21,1.620195,1.5375,1.653,1920.64,0.0
1785893027,eth,1787299200000,1600.0,call,53.82,0.147214,0.1435,0.1515,1867.01,0.0
1785893027,eth,1813910400000,3500.0,call,57.5,0.048308,0.047,0.0495,1920.58,2207.0
1785893027,eth,1785916800000,1650.0,put,80.67,0.0,,0.0001,1865.92,125.0
1785893027,eth,1813910400000,3600.0,put,57.7,0.919013,0.834,0.975,1920.64,0.0
1785893027,eth,1786089600000,1820.0,put,43.9,0.004738,0.0045,0.0049,1865.99,1694.0
1785893027,eth,1790323200000,1700.0,call,49.84,0.125791,0.1225,0.129,1870.88,2271.0
1785893027,eth,1806048000000,1400.0,put,58.69,0.061231,0.0605,0.062,1902.53,1536.0
1785893027,eth,1786176000000,1820.0,put,44.91,0.007253,0.007,0.008,1865.97,6.0
1785893027,eth,1786694400000,2000.0,call,41.21,0.005124,0.0047,0.0055,1866.47,3491.0
1785893027,eth,1790323200000,7500.0,put,93.36,3.008814,2.8555,3.176,1870.88,0.0
1785893027,eth,1806048000000,1800.0,put,55.82,0.146186,0.145,0.1475,1902.53,3906.0
1785893027,eth,1790323200000,2200.0,call,47.46,0.018938,0.0185,0.0195,1870.88,7115.0
1785893027,eth,1806048000000,3500.0,call,56.93,0.025361,0.0245,0.026,1902.53,4426.0
1785893027,eth,1790323200000,5500.0,put,93.36,1.939962,1.827,2.065,1870.93,1.0
1785893027,eth,1793347200000,2200.0,call,49.73,0.039885,0.039,0.0405,1875.8,104.0
1785893027,eth,1813910400000,1500.0,put,58.87,0.103527,0.102,0.105,1920.64,425.0
1785893027,eth,1787904000000,2600.0,put,54.91,0.392913,0.339,0.453,1867.21,3.0
1785893027,eth,1806048000000,3600.0,put,57.17,0.915191,0.8365,0.951,1902.53,1.0
1785893027,eth,1786003200000,1700.0,put,64.45,8.6e-05,,0.0001,1865.91,175.0
1785893027,eth,1790323200000,2900.0,call,54.88,0.001515,0.0013,0.0017,1870.88,5451.0
1785893027,eth,1806048000000,1900.0,call,55.52,0.176146,0.175,0.1775,1902.48,2362.0
1785893027,eth,1790323200000,5400.0,put,93.13,1.886538,1.7755,2.0095,1870.93,4.0
1785893027,eth,1787904000000,3600.0,call,80.02,4.3e-05,,0.0001,1867.21,1218.0
1785893027,eth,1790323200000,1900.0,put,47.66,0.07977,0.079,0.0805,1870.88,17456.0
1785893027,eth,1786176000000,1940.0,put,42.11,0.043256,0.0365,0.05,1866.03,0.0
1785893027,eth,1786003200000,2000.0,put,53.57,0.072044,0.031,0.118,1865.96,0.0
1785893027,eth,1785916800000,1940.0,put,55.77,0.039773,0.01,0.0835,1865.87,0.0
1785893027,eth,1790323200000,3400.0,put,62.85,0.817892,0.8085,0.833,1870.88,870.0
1785893027,eth,1786003200000,1800.0,call,44.94,0.036367,0.0325,0.041,1865.91,87.0
1785893027,eth,1806048000000,1900.0,put,55.52,0.17488,0.1735,0.1765,1902.53,2308.0
1785893027,eth,1787904000000,3800.0,call,81.7,2.1e-05,,0.0001,1867.21,398.0
1785893027,eth,1786694400000,2100.0,put,43.74,0.12653,0.083,0.1755,1866.47,0.0
1785893027,eth,1790323200000,7400.0,call,93.36,7e-06,,0.0002,1870.93,1019.0
1785893027,eth,1790323200000,5200.0,put,90.55,1.779645,1.673,1.898,1870.93,3.0
1785893027,eth,1790323200000,14000.0,put,123.7,6.483111,6.196,6.7955,1870.88,0.0
1785893027,eth,1798185600000,2600.0,put,52.87,0.413511,0.4055,0.4255,1884.1,1065.0
1785893027,eth,1790323200000,6400.0,put,93.36,2.420885,2.2895,2.5645,1870.88,0.0
1785893027,eth,1787904000000,2050.0,put,43.94,0.110856,0.103,0.152,1867.21,180.0
1785893027,eth,1786003200000,1820.0,call,42.28,0.026659,0.023,0.0305,1865.91,50.0
1785893027,eth,1785916800000,1600.0,put,85.02,0.0,,0.0001,1865.87,1932.0
1785893027,eth,1790323200000,6600.0,put,93.36,2.527777,2.3925,2.6755,1870.88,0.0
1785893027,eth,1790323200000,2800.0,call,53.53,0.002022,0.0018,0.0022,1870.88,7325.0
1785893027,eth,1787904000000,1950.0,put,43.86,0.070729,0.0675,0.074,1867.25,2430.0
1785893027,eth,1798185600000,2900.0,call,53.89,0.019566,0.019,0.02,1884.15,1954.0
1785893027,eth,1787299200000,1700.0,call,48.48,0.098959,0.0955,0.1035,1867.01,50.0
1785893027,eth,1787299200000,2050.0,call,42.96,0.007457,0.007,0.0075,1867.01,1025.0
1785893027,eth,1786694400000,1920.0,call,40.97,0.01451,0.014,0.015,1866.47,347.0
1785893027,eth,1806048000000,2700.0,put,55.33,0.482634,0.4755,0.493,1902.53,147.0
1785893027,eth,1786089600000,1600.0,put,79.2,0.000132,,0.0002,1865.94,22395.0
1785893027,eth,1790323200000,3500.0,call,63.08,0.000402,0.0002,0.0007,1870.88,15555.0
1785893027,eth,1790323200000,1800.0,call,48.41,0.091461,0.0905,0.0925,1870.88,6576.0
1785893027,eth,1806048000000,3400.0,call,56.6,0.028034,0.0275,0.029,1902.53,1869.0
1785893027,eth,1813910400000,900.0,put,67.57,0.024125,0.0235,0.025,1920.64,646.0
1785893027,eth,1786089600000,1700.0,put,59.59,0.000403,0.0003,0.0005,1865.94,13668.0
1785893027,eth,1786003200000,1780.0,call,47.91,0.046578,0.0285,0.084,1865.91,0.0
1785893027,eth,1813910400000,1300.0,call,60.57,0.390571,0.3845,0.3965,1920.58,108.0
1785893027,eth,1787904000000,1600.0,call,51.89,0.150205,0.1465,0.1515,1867.21,885.0
1785893027,eth,1790323200000,1850.0,put,47.97,0.065784,0.065,0.0665,1870.93,1109.0
1785893027,eth,1798185600000,1500.0,call,55.94,0.25165,0.2485,0.2545,1884.15,823.0
1785893027,eth,1786176000000,1780.0,call,48.36,0.049564,0.0455,0.054,1865.97,0.0
1785893027,eth,1793347200000,3400.0,call,57.6,0.002264,0.002,0.0025,1875.85,796.0
1785893027,eth,1787904000000,1300.0,put,69.78,0.001073,0.001,0.0012,1867.21,8975.0
1785893027,eth,1790323200000,5000.0,put,87.51,1.672744,1.57,1.7865,1870.93,2.0
1785893027,eth,1787904000000,1450.0,call,60.2,0.226112,0.2225,0.231,1867.25,51.0
1785893027,eth,1786089600000,1850.0,call,41.22,0.017618,0.015,0.0185,1865.99,1267.0
1785893027,eth,1798185600000,11000.0,put,87.49,4.838543,4.6145,4.8575,1884.1,109.0
1785893027,eth,1786089600000,1840.0,put,42.05,0.007368,0.007,0.008,1865.99,3225.0
1785893027,eth,1798185600000,2800.0,call,53.54,0.023343,0.0225,0.024,1884.1,9157.0
1785893027,eth,1793347200000,1800.0,call,50.55,0.117362,0.116,0.1185,1875.8,52.0
1785893027,eth,1813910400000,1800.0,put,57.46,0.176814,0.175,0.1785,1920.64,300.0
1785893027,eth,1798185600000,3400.0,put,55.89,0.813225,0.7565,0.882,1884.15,89.0
1785893027,eth,1786176000000,1800.0,call,46.8,0.04045,0.0365,0.044,1866.03,0.0
1785893027,eth,1798185600000,8000.0,put,74.8,3.246314,3.083,3.426,1884.15,0.0
1785893027,eth,1793347200000,2500.0,call,50.53,0.016855,0.016,0.0175,1875.8,56.0
1785893027,eth,1787904000000,1800.0,put,45.62,0.029373,0.029,0.03,1867.25,4051.0
1785893027,eth,1798185600000,1000.0,put,68.14,0.009165,0.0085,0.01,1884.15,19199.0
1785893027,eth,1786003200000,1600.0,put,79.89,7e-06,,0.0001,1865.91,447.0
1785893027,eth,1806048000000,3300.0,put,56.43,0.766021,0.709,0.8015,1902.53,1.0
1785893027,eth,1786694400000,2200.0,put,48.49,0.17923,0.134,0.2305,1866.47,0.0
1785893027,eth,1790323200000,14000.0,call,123.7,2e-06,,0.0001,1870.88,1212.0
1785893027,eth,1787904000000,2000.0,put,43.87,0.089815,0.086,0.0935,1867.25,504.0
1785893027,eth,1787904000000,3600.0,put,80.02,0.928053,0.8545,1.009,1867.25,18.0
1785893027,eth,1786694400000,2200.0,call,48.49,0.000503,0.0004,0.0006,1866.47,2092.0
1785893027,eth,1798185600000,1400.0,call,57.47,0.292008,0.289,0.2955,1884.15,946.0
1785893027,eth,1806048000000,2600.0,put,55.23,0.43852,0.4325,0.448,1902.53,626.0
1785893027,eth,1787299200000,1850.0,call,43.66,0.041322,0.0405,0.042,1867.01,347.0
1785893027,eth,1790323200000,1850.0,call,47.97,0.076945,0.076,0.0775,1870.88,743.0
1785893027,eth,1790323200000,4600.0,call,81.0,0.000205,0.0001,0.0004,1870.93,3405.0
1785893027,eth,1785916800000,1940.0,call,55.77,2.7e-05,,0.0001,1865.92,542.0
1785893027,eth,1786003200000,1840.0,put,40.09,0.004038,0.0037,0.0043,1865.91,278.0
1785893027,eth,1806048000000,2800.0,call,55.49,0.056121,0.055,0.057,1902.53,4821.0
1785893027,eth,1790323200000,10000.0,call,105.8,2e-06,,0.0001,1870.88,1561.0
1785893027,eth,1786694400000,1900.0,put,40.76,0.036127,0.0345,0.0395,1866.47,1179.0
1785893027,eth,1813910400000,2300.0,call,56.53,0.144806,0.1435,0.1465,1920.64,215.0
1785893027,eth,1813910400000,2700.0,call,56.62,0.098293,0.0965,0.0995,1920.64,295.0
1785893027,eth,1786003200000,1880.0,put,37.86,0.013248,0.0125,0.014,1865.96,50.0
1785893027,eth,1787904000000,1900.0,put,44.3,0.054316,0.0535,0.055,1867.21,6560.0
1785893027,eth,1790323200000,3800.0,put,67.0,1.031381,0.9535,1.118,1870.88,954.0
1785893027,eth,1790323200000,16000.0,call,130.17,2e-06,,0.0001,1870.88,7426.0
1785893027,eth,1787299200000,1900.0,call,42.97,0.028333,0.0275,0.029,1867.01,278.0
1785893027,eth,1798185600000,3300.0,put,55.46,0.761574,0.7125,0.7795,1884.1,10.0
1785893027,eth,1798185600000,3400.0,call,55.89,0.00865,0.0085,0.0095,1884.15,13044.0
1785893027,eth,1790323200000,3200.0,call,59.72,0.000797,0.0007,0.001,1870.88,7859.0
1785893027,eth,1790323200000,6200.0,put,93.36,2.313998,2.187,2.4535,1870.93,0.0
1785893027,eth,1798185600000,2000.0,call,52.56,0.105775,0.105,0.1065,1884.1,10040.0
1785893027,eth,1787904000000,1700.0,call,48.25,0.104263,0.101,0.1055,1867.21,1020.0
1785893027,eth,1790323200000,1000.0,put,77.73,0.001188,0.0011,0.0014,1870.88,9582.0
1785893027,eth,1790323200000,1000.0,call,77.73,0.46668,0.464,0.469,1870.93,125.0
1785893027,eth,1793347200000,1850.0,call,50.28,0.103634,0.103,0.1045,1875.8,54.0
1785893027,eth,1813910400000,3800.0,put,58.03,1.016705,1.0015,1.0705,1920.64,2.0
1785893027,eth,1798185600000,1800.0,call,53.22,0.152523,0.1515,0.154,1884.15,2476.0
1785893027,eth,1786694400000,1950.0,call,40.95,0.010008,0.0095,0.01,1866.47,2841.0
1785893027,eth,1798185600000,800.0,put,75.94,0.004245,0.004,0.0045,1884.15,6245.0
1785893027,eth,1793347200000,2250.0,put,49.73,0.233954,0.225,0.2505,1875.85,1.0
1785893027,eth,1786089600000,2400.0,call,79.93,1e-06,,0.0001,1865.99,1335.0
1785893027,eth,1806048000000,4800.0,put,60.59,1.531201,1.429,1.655,1902.53,0.0
1785893027,eth,1790323200000,5200.0,call,90.55,0.000205,0.0001,0.0004,1870.88,1681.0
1785893027,eth,1787904000000,3400.0,call,76.49,6.9e-05,,0.0001,1867.25,560.0
1785893027,eth,1786089600000,1880.0,call,39.91,0.009188,0.009,0.0095,1865.99,1205.0
1785893027,eth,1785916800000,1840.0,call,38.81,0.014321,0.0105,0.0155,1865.87,137.0
1785893027,eth,1813910400000,3000.0,put,56.88,0.636542,0.63,0.6475,1920.64,59.0
1785893027,eth,1787904000000,2000.0,call,43.87,0.018699,0.018,0.019,1867.25,7018.0
1785893027,eth,1806048000000,800.0,put,72.23,0.010647,0.01,0.011,1902.53,790.0
1785893027,eth,1793347200000,2300.0,call,49.76,0.029706,0.029,0.0305,1875.8,324.0
1785893027,eth,1798185600000,1500.0,put,55.94,0.047787,0.047,0.0485,1884.15,16342.0
1785893027,eth,1798185600000,2000.0,put,52.56,0.16729,0.164,0.1705,1884.1,7881.0
1785893027,eth,1786176000000,1860.0,call,42.55,0.017683,0.017,0.018,1866.03,17.0
1785893027,eth,1787299200000,1500.0,put,60.5,0.002026,0.0019,0.0022,1867.01,1090.0
1785893027,eth,1787904000000,2200.0,put,45.47,0.182515,0.177,0.1905,1867.21,681.0
1785893027,eth,1806048000000,4200.0,call,58.87,0.013061,0.0125,0.0135,1902.53,2776.0
1785893027,eth,1798185600000,800.0,call,75.94,0.579639,0.5775,0.581,1884.15,171.0
1785893027,eth,1806048000000,4500.0,call,59.59,0.010046,0.0095,0.0105,1902.48,2399.0
1785893027,eth,1798185600000,5500.0,call,66.85,0.001139,0.0009,0.0014,1884.1,1657.0
1785893027,eth,1798185600000,4000.0,call,58.95,0.003973,0.0036,0.0043,1884.1,16448.0
1785893027,eth,1786176000000,1820.0,call,44.91,0.031852,0.0285,0.0345,1866.03,50.0
1785893027,eth,1793347200000,1000.0,call,71.6,0.470408,0.4675,0.473,1875.85,0.0
1785893027,eth,1786089600000,1950.0,put,42.69,0.046634,0.043,0.051,1865.99,517.0
1785893027,eth,1790323200000,9000.0,put,100.09,3.810573,3.626,4.0115,1870.93,0.0
1785893027,eth,1786694400000,1800.0,call,44.09,0.048907,0.0455,0.052,1866.47,58.0
1785893027,eth,1790323200000,1200.0,call,66.83,0.361638,0.3585,0.3645,1870.93,138.0
1785893027,eth,1787904000000,1700.0,put,48.25,0.014712,0.014,0.0155,1867.21,8660.0
1785893027,eth,1790323200000,2300.0,put,47.86,0.241655,0.236,0.248,1870.88,1089.0
1785893027,eth,1785916800000,1860.0,put,33.8,0.002339,0.002,0.0027,1865.92,662.0
1785893027,eth,1813910400000,2100.0,put,56.71,0.270299,0.2645,0.276,1920.64,87.0
1785893027,eth,1798185600000,1000.0,call,68.14,0.478408,0.476,0.4805,1884.15,54.0
1785893027,eth,1798185600000,2800.0,put,53.54,0.509463,0.5005,0.5235,1884.15,2205.0
1785893027,eth,1790323200000,3000.0,call,56.26,0.001161,0.001,0.0013,1870.88,28572.0
1785893027,eth,1790323200000,4000.0,put,70.17,1.138246,1.0565,1.23,1870.88,140.0
1785893027,eth,1786089600000,2000.0,call,48.85,0.00057,0.0005,0.0007,1865.94,32179.0
1785893027,eth,1786694400000,2050.0,call,42.02,0.00257,0.0023,0.0028,1866.47,2446.0
1785893027,eth,1793347200000,1800.0,put,50.55,0.076968,0.0765,0.078,1875.8,319.0
1785893027,eth,1786089600000,1400.0,call,91.36,0.249676,0.246,0.2545,1865.94,0.0
1785893027,eth,1790323200000,6500.0,put,93.36,2.474331,2.341,2.62,1870.93,0.0
1785893027,eth,1798185600000,4400.0,put,60.87,1.337886,1.2465,1.445,1884.1,20.0
1785893027,eth,1787904000000,2200.0,call,45.47,0.004287,0.004,0.0044,1867.21,9257.0
1785893027,eth,1790323200000,3400.0,call,62.85,0.000566,0.0005,0.0007,1870.88,7117.0
1785893027,eth,1790323200000,5800.0,put,93.36,2.100245,1.981,2.231,1870.93,0.0
1785893027,eth,1790323200000,4400.0,put,77.78,1.352048,1.262,1.4525,1870.93,281.0
1785893027,eth,1787904000000,2350.0,put,48.21,0.260113,0.2115,0.3165,1867.21,100.0
1785893027,eth,1813910400000,1200.0,call,61.8,0.428469,0.4225,0.434,1920.64,55.0
1785893027,eth,1793347200000,1200.0,call,63.22,0.368199,0.3655,0.3715,1875.85,0.0
1785893027,eth,1793347200000,1700.0,call,51.51,0.149025,0.148,0.15,1875.8,50.0
1785893027,eth,1798185600000,1300.0,put,59.55,0.025547,0.025,0.0265,1884.1,1963.0
1785893027,eth,1786089600000,1860.0,call,41.13,0.014564,0.014,0.015,1865.99,315.0
1785893027,eth,1790323200000,2600.0,call,50.87,0.003845,0.0036,0.004,1870.88,9763.0
1785893027,eth,1798185600000,7000.0,put,71.64,2.715707,2.573,2.8745,1884.15,0.0
1785893027,eth,1806048000000,1200.0,put,61.59,0.036075,0.0355,0.037,1902.53,1237.0
1785893027,eth,1813910400000,4000.0,call,58.31,0.032654,0.0315,0.0335,1920.58,4054.0
1785893027,eth,1786176000000,1840.0,call,43.71,0.024268,0.021,0.026,1866.03,50.0
1785893027,eth,1790323200000,7000.0,put,93.36,2.741568,2.598,2.898,1870.88,0.0
1785893027,eth,1790323200000,1900.0,call,47.66,0.064205,0.0635,0.065,1870.88,10527.0
1785893027,eth,1798185600000,2300.0,call,52.42,0.059616,0.0585,0.0605,1884.15,7647.0
1785893027,eth,1806048000000,1800.0,call,55.82,0.200018,0.1975,0.2015,1902.53,3788.0
1785893027,eth,1787904000000,2050.0,call,43.94,0.012962,0.0125,0.0135,1867.21,4407.0
1785893027,eth,1793347200000,3000.0,put,54.31,0.604344,0.5395,0.681,1875.85,72.0
1785893027,eth,1786089600000,1920.0,put,40.82,0.032374,0.0285,0.0365,1865.99,0.0
1785893027,eth,1786176000000,1880.0,put,41.93,0.019968,0.019,0.0205,1866.03,50.0
1785893027,eth,1787904000000,1800.0,call,45.62,0.065367,0.0625,0.068,1867.21,6080.0
1785893027,eth,1786003200000,1880.0,call,37.86,0.00568,0.005,0.006,1865.91,560.0
1785893027,eth,1806048000000,3700.0,call,57.38,0.020593,0.02,0.021,1902.53,1475.0
1785893027,eth,1806048000000,5000.0,call,61.55,0.007286,0.007,0.0075,1902.53,1215.0
1785893027,eth,1786694400000,2400.0,call,60.06,0.000146,0.0001,0.0002,1866.47,1020.0
1785893027,eth,1786176000000,1920.0,put,42.05,0.034598,0.0305,0.0385,1865.97,18.0
1785893027,eth,1806048000000,1200.0,call,61.59,0.405296,0.403,0.4075,1902.53,69.0
1785893027,eth,1790323200000,2700.0,put,52.17,0.445924,0.438,0.457,1870.88,527.0
1785893027,eth,1806048000000,2500.0,call,55.14,0.081445,0.0805,0.0825,1902.53,9259.0
1785893027,eth,1787299200000,1500.0,call,60.5,0.198577,0.195,0.203,1867.01,0.0
1785893027,eth,1786176000000,1840.0,put,43.71,0.010388,0.01,0.011,1865.97,200.0
1785893027,eth,1786003200000,1700.0,call,64.45,0.088988,0.0515,0.125,1865.91,0.0
1785893027,eth,1790323200000,2300.0,call,47.86,0.012287,0.012,0.013,1870.88,12138.0
1785893027,eth,1790323200000,1400.0,put,58.08,0.007977,0.0075,0.0085,1870.88,9734.0
1785893027,eth,1787299200000,1950.0,put,42.96,0.063395,0.0595,0.0665,1867.01,235.0
1785893027,eth,1806048000000,1500.0,put,57.68,0.077997,0.077,0.079,1902.53,3977.0
1785893027,eth,1813910400000,2700.0,put,56.62,0.504082,0.4515,0.513,1920.64,0.0
1785893027,eth,1813910400000,2900.0,call,56.77,0.081588,0.08,0.083,1920.64,61.0
1785893027,eth,1813910400000,1700.0,put,57.82,0.149907,0.1485,0.1515,1920.64,2966.0
1785893027,eth,1793347200000,1200.0,put,63.22,0.007937,0.0075,0.0085,1875.8,509.0
1785893027,eth,1786694400000,1600.0,put,57.83,0.001674,0.0016,0.0018,1866.47,4214.0
1785893027,eth,1786003200000,1800.0,put,44.94,0.001059,0.001,0.0012,1865.91,105.0
1785893027,eth,1806048000000,1500.0,call,57.68,0.289523,0.287,0.2915,1902.53,244.0
1785893027,eth,1785916800000,2100.0,put,67.86,0.125498,0.0825,0.172,1865.87,0.0
1785893027,eth,1790323200000,3800.0,call,67.0,0.000252,0.0002,0.0005,1870.93,2030.0
1785893027,eth,1787299200000,1950.0,call,42.96,0.01891,0.018,0.019,1867.01,919.0
1785893027,eth,1790323200000,3300.0,call,61.57,0.000693,0.0006,0.0009,1870.93,17691.0
1785893027,eth,1793347200000,1950.0,put,49.85,0.119402,0.116,0.1205,1875.8,110.0
1785893027,eth,1785916800000,1920.0,call,54.83,0.000168,0.0001,0.0002,1865.92,370.0
1785893027,eth,1786089600000,2200.0,put,79.69,0.179175,0.1345,0.2305,1865.99,11.0
1785893027,eth,1806048000000,3300.0,call,56.43,0.031379,0.0305,0.032,1902.53,1921.0
1785893027,eth,1790323200000,2200.0,put,47.46,0.194855,0.19,0.203,1870.88,5506.0
1785893027,eth,1798185600000,1300.0,call,59.55,0.335562,0.3325,0.338,1884.15,50.0
1785893027,eth,1790323200000,3200.0,put,59.72,0.711222,0.703,0.725,1870.88,1323.0
1785893027,eth,1787904000000,2600.0,call,54.91,0.000461,0.0004,0.0005,1867.21,6152.0
1785893027,eth,1806048000000,3000.0,call,55.8,0.044122,0.043,0.045,1902.53,4695.0
1785893027,eth,1786089600000,2100.0,put,64.87,0.12568,0.0825,0.174,1865.94,2.0
1785893027,eth,1790323200000,1200.0,put,66.83,0.003047,0.0028,0.0032,1870.88,13739.0
1785893027,eth,1793347200000,1700.0,put,51.51,0.05532,0.0545,0.056,1875.8,688.0
1785893027,eth,1785916800000,1600.0,call,85.02,0.142477,0.1385,0.148,1865.92,0.0
1785893027,eth,1798185600000,1900.0,put,52.81,0.135766,0.1345,0.137,1884.15,4212.0
1785893027,eth,1786003200000,1980.0,call,50.11,0.000256,0.0001,0.0003,1865.91,122.0
1785893027,eth,1786003200000,1920.0,put,39.54,0.030272,0.0225,0.0385,1865.91,80.0
1785893027,eth,1787299200000,2000.0,put,42.95,0.083378,0.0785,0.087,1867.01,0.0
1785893027,eth,1790323200000,7200.0,call,93.36,9e-06,,0.0002,1870.93,1160.0
1785893027,eth,1787904000000,1550.0,call,54.63,0.175019,0.1715,0.18,1867.21,149.0
1785893027,eth,1813910400000,3200.0,call,57.12,0.062405,0.061,0.0635,1920.64,233.0
1785893027,eth,1787904000000,3200.0,call,74.09,0.000142,,0.0002,1867.21,1071.0
1785893027,eth,1786694400000,1880.0,put,41.5,0.030282,0.0295,0.031,1866.47,752.0
1785893027,eth,1786003200000,2050.0,call,66.59,0.000115,,0.0001,1865.96,253.0
1785893027,eth,1787904000000,1000.0,call,89.43,0.464582,0.462,0.468,1867.25,50.0
1785893027,eth,1790323200000,6600.0,call,93.36,2.5e-05,,0.0002,1870.88,1414.0
1785893027,eth,1787299200000,2200.0,put,45.1,0.180174,0.1345,0.232,1867.01,1.0
1785893027,eth,1793347200000,1600.0,call,52.95,0.18581,0.1825,0.1885,1875.85,50.0
1785893027,eth,1786176000000,2000.0,call,45.44,0.001005,0.0008,0.0011,1866.03,549.0
1785893027,eth,1786089600000,2100.0,call,64.87,0.000194,0.0001,0.0003,1865.94,27857.0
1785893027,eth,1785916800000,1840.0,put,38.81,0.000472,0.0004,0.0007,1865.87,247.0
1785893027,eth,1785916800000,1720.0,put,71.42,0.0,,0.0001,1865.87,2167.0
1785893027,eth,1786176000000,1740.0,call,52.67,0.06924,0.065,0.075,1865.97,0.0
1785893027,eth,1806048000000,3100.0,call,55.97,0.039234,0.0385,0.04,1902.53,1656.0
1785893027,eth,1790323200000,2400.0,put,48.61,0.290931,0.2855,0.3,1870.93,2064.0
1785893027,eth,1790323200000,2900.0,put,54.88,0.551587,0.491,0.6215,1870.88,49.0
1785893027,eth,1790323200000,15000.0,call,127.3,2e-06,,0.0001,1870.88,878.0
1785893027,eth,1787904000000,2150.0,put,44.72,0.157588,0.1475,0.1685,1867.21,66.0
1785893027,eth,1790323200000,5600.0,call,93.36,0.000141,,0.0002,1870.88,7164.0
1785893027,eth,1786089600000,2050.0,put,56.96,0.099,0.0575,0.147,1865.94,52.0
1785893027,eth,1806048000000,2700.0,call,55.33,0.063382,0.0625,0.0645,1902.53,3057.0
1785893027,eth,1786089600000,2000.0,put,48.85,0.072461,0.0685,0.0775,1865.99,396.0
1785893027,eth,1790323200000,3000.0,put,56.26,0.604684,0.5965,0.614,1870.88,7536.0
1785893027,eth,1787299200000,2000.0,call,42.95,0.012112,0.011,0.0125,1867.01,408.0
1785893027,eth,1798185600000,3600.0,put,56.89,0.917264,0.84,1.0115,1884.1,93.0
1785893027,eth,1790323200000,5000.0,call,87.51,0.000205,0.0001,0.0004,1870.93,4100.0
1785893027,eth,1813910400000,2200.0,call,56.62,0.160071,0.1585,0.1615,1920.58,1059.0
1785893027,eth,1787904000000,2250.0,put,46.17,0.207981,0.197,0.25,1867.21,14.0
1785893027,eth,1785916800000,1980.0,call,65.32,2e-06,,0.0001,1865.87,2198.0
1785893027,eth,1798185600000,3600.0,call,56.89,0.006537,0.006,0.007,1884.15,2230.0
1785893027,eth,1813910400000,900.0,call,67.57,0.555516,0.55,0.5625,1920.64,2.0
1785893027,eth,1798185600000,9000.0,call,78.85,0.000212,,0.0004,1884.15,1905.0
1785893027,eth,1790323200000,2700.0,call,52.17,0.002753,0.0025,0.003,1870.88,4384.0
1785893027,eth,1790323200000,11000.0,call,110.93,2e-06,,0.0001,1870.93,2766.0
1785893027,eth,1785916800000,1980.0,put,65.32,0.061186,0.029,0.1055,1865.92,0.0
1785893027,eth,1787904000000,2100.0,put,44.19,0.133566,0.1295,0.141,1867.25,1161.0
1785893027,eth,1790323200000,10000.0,put,105.8,4.345081,4.14,4.568,1870.88,0.0
1785893027,eth,1798185600000,2200.0,call,52.38,0.072296,0.0715,0.073,1884.15,52943.0
1785893027,eth,1806048000000,2100.0,put,55.16,0.240009,0.2365,0.244,1902.53,486.0
1785893027,eth,1785916800000,1900.0,call,41.99,0.000287,0.0002,0.0004,1865.92,1087.0
1785893027,eth,1786003200000,1780.0,put,47.91,0.000552,0.0005,0.0007,1865.96,514.0
1785893027,eth,1813910400000,2500.0,call,56.52,0.119009,0.117,0.1205,1920.58,2980.0
1785893027,eth,1798185600000,4000.0,put,58.95,1.127002,1.0425,1.227,1884.15,223.0
1785893027,eth,1813910400000,800.0,put,70.13,0.017734,0.017,0.0185,1920.64,669.0
1785893027,eth,1806048000000,6000.0,put,64.18,2.157777,2.0335,2.3025,1902.53,1.0
1785893027,eth,1790323200000,3100.0,put,58.1,0.65794,0.5935,0.7315,1870.88,0.0
1785893027,eth,1798185600000,1600.0,call,54.72,0.214719,0.212,0.2165,1884.15,621.0
1785893027,eth,1787299200000,1800.0,call,44.91,0.057787,0.0545,0.061,1867.01,50.0
1785893027,eth,1806048000000,3100.0,put,55.97,0.668715,0.626,0.739,1902.53,99.0
1785893027,eth,1813910400000,3400.0,put,57.37,0.822779,0.7765,0.914,1920.64,2.0
1785893027,eth,1785916800000,1760.0,call,62.15,0.056726,0.0285,0.0925,1865.92,0.0
1785893027,eth,1786089600000,1900.0,put,40.38,0.024005,0.023,0.028,1865.94,2315.0
1785893027,eth,1790323200000,13000.0,put,119.8,5.948604,5.682,6.2385,1870.88,0.0
1785893027,eth,1798185600000,3800.0,put,58.08,1.022013,0.941,1.1185,1884.15,26.0
1785893027,eth,1787299200000,1650.0,put,50.93,0.006291,0.006,0.0065,1867.01,59.0
1785893027,eth,1813910400000,1200.0,put,61.8,0.05328,0.052,0.0545,1920.58,360.0
1785893027,eth,1790323200000,1300.0,put,62.54,0.005045,0.0047,0.0055,1870.93,2343.0
1785893027,eth,1790323200000,1400.0,call,58.08,0.259666,0.2565,0.2615,1870.88,950.0
1785893027,eth,1787904000000,1450.0,put,60.2,0.002671,0.0025,0.0029,1867.21,10507.0
1785893027,eth,1787904000000,3200.0,put,74.09,0.713929,0.648,0.7875,1867.21,5.0
1785893027,eth,1786003200000,1720.0,call,60.02,0.07831,0.04,0.115,1865.91,0.0
1785893027,eth,1785916800000,2050.0,put,67.82,0.098701,0.057,0.144,1865.92,0.0
1785893027,eth,1806048000000,5500.0,call,62.8,0.005171,0.0048,0.0055,1902.48,2463.0
1785893027,eth,1790323200000,3600.0,put,64.88,0.924593,0.9145,0.9405,1870.88,692.0
1785893027,eth,1790323200000,1300.0,call,62.54,0.310185,0.307,0.3135,1870.93,69.0
1785893027,eth,1798185600000,1600.0,put,54.72,0.063931,0.063,0.065,1884.1,7409.0
1785893027,eth,1793347200000,2050.0,put,49.72,0.153803,0.1495,0.1575,1875.85,0.0
1785893027,eth,1798185600000,11000.0,call,87.49,0.000211,0.0001,0.0004,1884.15,2163.0
1785893027,eth,1813910400000,1000.0,call,65.22,0.511152,0.5055,0.5175,1920.64,57.0
1785893027,eth,1813910400000,2300.0,put,56.53,0.34235,0.338,0.3495,1920.64,85.0
1785893027,eth,1793347200000,2400.0,put,50.02,0.301705,0.282,0.3515,1875.85,10.0
1785893027,eth,1786003200000,1900.0,call,38.19,0.002725,0.0025,0.0028,1865.91,368.0
1785893027,eth,1787299200000,1800.0,put,44.91,0.021926,0.0215,0.0225,1867.01,255.0
1785893027,eth,1787904000000,1500.0,put,57.35,0.003695,0.0035,0.0039,1867.21,7534.0
1785893027,eth,1786176000000,1720.0,call,54.86,0.079446,0.0755,0.0855,1866.03,0.0
1785893027,eth,1786089600000,1900.0,call,40.38,0.005708,0.005,0.006,1865.99,4286.0
1785893027,eth,1785916800000,1780.0,call,55.41,0.04601,0.0285,0.0825,1865.92,0.0
1785893027,eth,1786176000000,2100.0,call,56.17,0.000259,0.0002,0.0003,1865.97,39.0
1785893027,eth,1786176000000,2050.0,put,50.36,0.099122,0.0565,0.147,1866.03,0.0
1785893027,eth,1785916800000,1750.0,put,66.45,1e-06,,0.0001,1865.92,281.0
1785893027,eth,1787904000000,2100.0,call,44.19,0.008894,0.0085,0.0095,1867.25,8903.0
1785893027,eth,1813910400000,3200.0,put,57.12,0.728521,0.6595,0.7755,1920.64,0.0
1785893027,eth,1787299200000,2400.0,put,50.62,0.285902,0.2365,0.341,1867.01,0.0
1785893027,eth,1790323200000,9000.0,call,100.09,2e-06,,0.0003,1870.88,1519.0
1785893027,eth,1813910400000,2100.0,call,56.71,0.17689,0.175,0.1785,1920.64,10.0
1785893027,eth,1793347200000,1950.0,call,49.85,0.079829,0.079,0.0805,1875.8,150.0
1785893027,eth,1806048000000,3200.0,call,56.16,0.034978,0.034,0.036,1902.53,1242.0
1785893027,eth,1786176000000,1600.0,call,72.16,0.142773,0.139,0.148,1865.97,0.0
1785893027,eth,1798185600000,3800.0,call,58.08,0.005135,0.0048,0.0055,1884.15,2892.0
1785893027,eth,1790323200000,4800.0,call,84.34,0.000205,0.0001,0.0004,1870.93,2195.0
1785893027,eth,1806048000000,2400.0,call,55.08,0.092503,0.0915,0.0935,1902.53,1877.0
1785893027,eth,1806048000000,4000.0,put,58.28,1.118162,1.077,1.1745,1902.53,0.0
1785893027,eth,1787299200000,2100.0,put,43.18,0.129321,0.1195,0.167,1867.01,10.0
1785893027,eth,1787904000000,1200.0,put,76.28,0.000571,0.0005,0.0007,1867.25,7228.0
1785893027,eth,1790323200000,4000.0,call,70.17,0.000214,0.0001,0.0004,1870.88,12144.0
1785893027,eth,1790323200000,2100.0,call,47.4,0.029162,0.028,0.0295,1870.93,6371.0
1785893027,eth,1798185600000,2500.0,put,52.67,0.367457,0.3595,0.379,1884.15,1075.0
1785893027,eth,1806048000000,4600.0,put,60.17,1.427478,1.3285,1.549,1902.53,0.0
1785893027,eth,1806048000000,3700.0,put,57.38,0.965495,0.9205,0.9865,1902.53,0.0
1785893027,eth,1806048000000,2200.0,put,55.06,0.276006,0.2725,0.28,1902.53,1707.0
1785893027,eth,1798185600000,1700.0,call,53.88,0.181722,0.1805,0.183,1884.15,368.0
1785893027,eth,1786176000000,1760.0,put,50.42,0.00248,0.0023,0.0027,1866.03,10.0
1785893027,eth,1786176000000,2050.0,call,50.36,0.000457,0.0003,0.0006,1866.03,2.0
1785893027,eth,1790323200000,6000.0,call,93.36,7e-05,,0.0002,1870.93,3183.0
1785893027,eth,1786003200000,1840.0,call,40.09,0.017908,0.0145,0.019,1865.91,54.0
1785893027,eth,1787904000000,1650.0,put,50.05,0.0103,0.01,0.011,1867.25,6967.0
1785893027,eth,1798185600000,3200.0,put,55.17,0.710354,0.6995,0.7275,1884.1,251.0
1785893027,eth,1790323200000,5400.0,call,93.13,0.000196,0.0001,0.0002,1870.88,1177.0
1785893027,eth,1798185600000,10000.0,call,83.41,0.000212,0.0001,0.0004,1884.15,1663.0
1785893027,eth,1787904000000,3000.0,call,66.42,0.000147,0.0001,0.0002,1867.21,1528.0
1785893027,eth,1813910400000,2800.0,call,56.7,0.089525,0.088,0.091,1920.64,1081.0
1785893027,eth,1790323200000,4800.0,put,84.34,1.565842,1.4675,1.6755,1870.93,110.0
1785893027,eth,1787904000000,2150.0,call,44.72,0.006138,0.0055,0.0065,1867.25,5302.0
1785893027,eth,1798185600000,5500.0,put,66.85,1.920305,1.8075,2.0485,1884.15,0.0
1785893027,eth,1786003200000,1860.0,put,38.6,0.007599,0.007,0.008,1865.91,107.0
1785893027,eth,1790323200000,4200.0,call,74.08,0.000214,0.0001,0.0004,1870.93,2498.0
1785893027,eth,1787904000000,2500.0,put,52.17,0.339608,0.288,0.3985,1867.25,4.0
1785893027,eth,1786089600000,1820.0,call,43.9,0.029322,0.026,0.032,1865.99,90.0
1785893027,eth,1813910400000,2800.0,put,56.7,0.547372,0.4775,0.557,1920.64,0.0
1785893027,eth,1787904000000,1850.0,put,44.75,0.040387,0.0395,0.041,1867.21,2517.0
1785893027,eth,1813910400000,2600.0,call,56.54,0.108037,0.1065,0.1095,1920.64,259.0
1785893027,eth,1813910400000,1300.0,put,60.57,0.06745,0.0665,0.069,1920.64,1591.0
1785893027,eth,1806048000000,5500.0,put,62.8,1.89618,1.7815,2.0325,1902.53,0.0
1785893027,eth,1806048000000,1400.0,call,58.69,0.325322,0.3225,0.3275,1902.53,56.0
1785893027,eth,1813910400000,2400.0,put,56.5,0.380792,0.3355,0.388,1920.58,2.0
1785893027,eth,1786694400000,1820.0,call,43.18,0.041343,0.0385,0.0445,1866.47,50.0
1785893027,eth,1785916800000,1960.0,call,65.19,1.6e-05,,0.0001,1865.92,2673.0
1785893027,eth,1790323200000,1950.0,call,47.38,0.053056,0.0525,0.0535,1870.88,323.0
1785893027,eth,1806048000000,1600.0,put,56.9,0.097749,0.097,0.0985,1902.53,1538.0
1785893027,eth,1813910400000,3800.0,call,58.03,0.03814,0.037,0.039,1920.64,479.0
1785893027,eth,1786694400000,1600.0,call,57.83,0.144418,0.1405,0.1495,1866.47,0.0
1785893027,eth,1786089600000,1840.0,call,42.05,0.021228,0.018,0.0235,1865.99,204.0
1785893027,eth,1793347200000,1500.0,call,54.81,0.226915,0.224,0.2305,1875.85,50.0
1785893027,eth,1798185600000,2500.0,call,52.67,0.040563,0.04,0.0415,1884.15,27015.0
1785893027,eth,1793347200000,2800.0,call,52.46,0.007711,0.007,0.0085,1875.8,295.0
1785893027,eth,1787299200000,1400.0,put,67.46,0.000989,0.0009,0.0011,1867.01,46.0
1785893027,eth,1806048000000,2400.0,put,55.08,0.354061,0.3485,0.3615,1902.53,357.0
1785893027,eth,1787904000000,2350.0,call,48.21,0.001551,0.0014,0.0017,1867.25,5426.0
1785893027,eth,1786176000000,1980.0,put,43.95,0.062636,0.0525,0.0795,1866.03,0.0
1785893027,eth,1787904000000,1550.0,put,54.63,0.005134,0.0049,0.0055,1867.21,5565.0
1785893027,eth,1786176000000,1980.0,call,43.95,0.001486,0.0013,0.0016,1865.97,44.0
1785893027,eth,1798185600000,6000.0,put,68.46,2.185312,2.0625,2.3235,1884.15,0.0
1785893027,eth,1806048000000,1700.0,call,56.27,0.226847,0.2245,0.2285,1902.53,1337.0
1785893027,eth,1786003200000,1980.0,put,50.11,0.061417,0.029,0.1065,1865.91,0.0
1785893027,eth,1813910400000,1000.0,put,65.22,0.031828,0.031,0.0325,1920.64,4492.0
1785893027,eth,1786089600000,1400.0,put,91.36,0.0,,0.0001,1865.99,3408.0
1785893027,eth,1787299200000,1850.0,put,43.66,0.032243,0.0315,0.033,1867.01,548.0
1785893027,eth,1785916800000,2050.0,call,67.82,0.0,,0.0001,1865.87,1930.0
1785893027,eth,1790323200000,2000.0,put,47.41,0.112835,0.109,0.116,1870.88,12960.0
1785893027,eth,1787904000000,3800.0,put,81.7,1.035143,0.9575,1.1205,1867.21,0.0
1785893027,eth,1786694400000,1800.0,put,44.09,0.013321,0.0125,0.0135,1866.47,2399.0
1785893027,eth,1786003200000,2050.0,put,66.59,0.098793,0.0565,0.146,1865.91,0.0
1785893027,eth,1798185600000,1400.0,put,57.47,0.035069,0.0345,0.036,1884.15,13755.0
1785893027,eth,1786176000000,1940.0,call,42.11,0.003543,0.0032,0.0037,1865.97,4.0
1785893027,eth,1786176000000,1600.0,put,72.16,0.000268,0.0002,0.0003,1866.03,453.0
1785893027,eth,1793347200000,2000.0,call,49.72,0.069738,0.069,0.0705,1875.85,222.0
1785893027,eth,1787904000000,1900.0,call,44.3,0.036755,0.036,0.037,1867.21,7105.0
1785893027,eth,1786003200000,1820.0,put,42.28,0.00207,0.0019,0.0023,1865.91,291.0
1785893027,eth,1787904000000,2300.0,call,47.09,0.002117,0.0019,0.0023,1867.25,7568.0
1785893027,eth,1790323200000,1800.0,put,48.41,0.053575,0.053,0.0545,1870.88,9597.0
1785893027,eth,1798185600000,9000.0,put,78.85,3.777028,3.5935,3.979,1884.15,0.0
1785893027,eth,1813910400000,3600.0,call,57.7,0.044634,0.0435,0.0455,1920.58,2.0
1785893027,eth,1813910400000,4000.0,put,58.31,1.115359,1.047,1.1515,1920.64,0.0
1785893027,eth,1787299200000,2050.0,put,42.96,0.105505,0.0745,0.115,1867.01,0.0
1785893027,eth,1798185600000,4600.0,call,62.01,0.002147,0.0018,0.0025,1884.15,10279.0
1785893027,eth,1798185600000,10000.0,put,83.41,4.307785,4.104,4.532,1884.15,0.0
1785893027,eth,1806048000000,3200.0,put,56.16,0.717022,0.658,0.807,1902.53,20.0
1785893027,eth,1806048000000,2600.0,call,55.23,0.071833,0.0705,0.073,1902.53,2941.0
1785893027,eth,1790323200000,2500.0,call,49.76,0.00556,0.005,0.006,1870.93,24242.0
1785893027,eth,1813910400000,1700.0,call,57.82,0.264772,0.2605,0.267,1920.58,659.0
1785893027,eth,1790323200000,2600.0,put,50.87,0.393565,0.386,0.4045,1870.88,8390.0
1785893027,eth,1785916800000,1900.0,put,41.99,0.018595,0.0095,0.042,1865.92,3.0
1785893027,eth,1786176000000,1700.0,call,57.27,0.089821,0.086,0.0955,1866.03,0.0
1785893027,eth,1787904000000,2300.0,put,47.09,0.233901,0.2285,0.2405,1867.21,1003.0
1785893027,eth,1786003200000,1740.0,put,54.75,0.000172,0.0001,0.0003,1865.96,20.0
1785893027,eth,1798185600000,8000.0,call,74.8,0.000255,0.0002,0.0005,1884.1,2428.0
1785893027,eth,1813910400000,1600.0,put,58.27,0.1254,0.124,0.127,1920.64,1271.0
1785893027,eth,1786089600000,1860.0,put,41.13,0.011413,0.0105,0.012,1865.99,90.0
1785893027,eth,1793347200000,1900.0,call,50.01,0.091068,0.0905,0.092,1875.8,250.0
1785893027,eth,1786003200000,2020.0,call,59.67,0.000155,0.0001,0.0002,1865.91,22.0
1785893027,eth,1798185600000,3100.0,put,54.75,0.659369,0.635,0.6925,1884.1,0.0
1785893027,eth,1798185600000,6500.0,call,69.78,0.000523,0.0005,0.0008,1884.1,1765.0
1785893027,eth,1787904000000,1000.0,put,89.43,0.000141,0.0001,0.0002,1867.21,3059.0
1785893027,eth,1806048000000,3800.0,call,57.63,0.01865,0.018,0.0195,1902.53,1232.0
1785893027,eth,1790323200000,1500.0,put,54.77,0.013169,0.0125,0.0135,1870.93,12665.0
1785893027,eth,1798185600000,2400.0,put,52.49,0.322929,0.3165,0.3325,1884.1,1716.0
1785893027,eth,1790323200000,1950.0,put,47.38,0.095346,0.094,0.096,1870.93,18.0
1785893027,eth,1786694400000,1900.0,call,40.76,0.018135,0.0175,0.019,1866.47,1207.0
1785893027,eth,1793347200000,3200.0,put,55.75,0.709194,0.642,0.7885,1875.85,0.0
1785893027,eth,1793347200000,1400.0,put,57.21,0.018013,0.0175,0.0185,1875.85,1548.0
1785893027,eth,1806048000000,2300.0,put,55.04,0.314101,0.311,0.32,1902.53,1583.0
1785893027,eth,1786003200000,1960.0,put,45.64,0.050814,0.0285,0.095,1865.96,0.0
1785893027,eth,1786003200000,1940.0,put,42.29,0.040376,0.0215,0.084,1865.91,0.0
1785893027,eth,1806048000000,1700.0,put,56.27,0.12045,0.1195,0.1215,1902.53,1511.0
1785893027,eth,1785916800000,1740.0,put,69.84,1e-06,,0.0001,1865.92,525.0
1785893027,eth,1790323200000,12000.0,call,115.57,2e-06,,0.0002,1870.88,1341.0
1785893027,eth,1813910400000,2900.0,put,56.77,0.591508,0.5385,0.6015,1920.64,3.0
1785893027,eth,1793347200000,2150.0,call,49.73,0.046062,0.045,0.0465,1875.8,816.0
1785893027,eth,1787904000000,1400.0,call,63.38,0.252195,0.249,0.257,1867.25,100.0
1785893027,eth,1787904000000,2800.0,call,61.04,0.000251,0.0002,0.0003,1867.21,5412.0
1785893027,eth,1806048000000,4200.0,put,58.87,1.220787,1.1535,1.2635,1902.53,1.0
1785893027,eth,1790323200000,5800.0,call,93.36,9.9e-05,,0.0002,1870.88,4885.0
1785893027,eth,1798185600000,1900.0,call,52.81,0.127327,0.1265,0.1285,1884.15,3856.0
1785893027,eth,1786003200000,1760.0,call,51.42,0.057053,0.029,0.0935,1865.91,88.0
1785893027,eth,1786176000000,1760.0,call,50.42,0.059235,0.0555,0.0645,1866.03,0.0
1785893027,eth,1786003200000,1860.0,call,38.6,0.01075,0.01,0.0115,1865.91,434.0
1785893027,eth,1806048000000,1000.0,put,65.98,0.020146,0.0195,0.021,1902.53,7537.0
1785893027,eth,1786003200000,1720.0,put,60.02,0.000127,0.0001,0.0002,1865.91,28.0
1785893027,eth,1813910400000,3500.0,put,57.5,0.870674,0.857,0.8845,1920.64,302.0
1785893027,eth,1786176000000,2020.0,call,47.47,0.000729,0.0005,0.0009,1866.03,4.0
1785893027,eth,1786089600000,1750.0,call,51.8,0.063088,0.059,0.069,1865.99,62.0
1785893027,eth,1787904000000,1750.0,call,46.8,0.083718,0.0805,0.085,1867.21,4221.0
1785893027,eth,1793347200000,1750.0,call,51.01,0.132592,0.1315,0.1335,1875.8,52.0
1785893027,eth,1793347200000,1750.0,put,51.01,0.065543,0.065,0.0665,1875.85,28.0
1785893027,eth,1785916800000,1700.0,call,72.13,0.088882,0.0515,0.124,1865.92,0.0
1785893027,eth,1813910400000,3400.0,call,57.37,0.052531,0.0515,0.0535,1920.64,204.0
1785893027,eth,1785916800000,1800.0,call,54.18,0.035325,0.0044,0.0725,1865.87,50.0
1785893027,eth,1806048000000,2800.0,put,55.49,0.527912,0.4695,0.594,1902.53,12.0
1785893027,eth,1798185600000,2400.0,call,52.49,0.049111,0.048,0.05,1884.15,12091.0
1785893027,eth,1787299200000,2200.0,call,45.1,0.001782,0.0016,0.0019,1867.01,1670.0
1785893027,eth,1798185600000,1700.0,put,53.88,0.08401,0.083,0.085,1884.1,14162.0
1785893027,eth,1790323200000,8500.0,put,97.73,3.54332,3.369,3.733,1870.93,0.0
1785893027,eth,1793347200000,1500.0,put,54.81,0.026586,0.026,0.0275,1875.85,1323.0
1785893027,eth,1785916800000,1700.0,put,72.13,0.0,,0.0001,1865.87,2053.0
1785893027,eth,1790323200000,2400.0,call,48.61,0.008112,0.0075,0.0085,1870.88,11973.0
1785893027,eth,1806048000000,2900.0,call,55.63,0.049701,0.0485,0.0505,1902.48,1948.0
1785893027,eth,1798185600000,6000.0,call,68.46,0.000767,0.0006,0.0011,1884.1,10385.0
1785893027,eth,1793347200000,2800.0,put,52.46,0.500431,0.486,0.515,1875.85,0.0
1785893027,eth,1813910400000,2200.0,put,56.62,0.305558,0.301,0.3115,1920.64,110.0
1785893027,eth,1786176000000,1700.0,put,57.27,0.000909,0.0008,0.0011,1866.03,125.0
1785893027,eth,1787904000000,1650.0,call,50.05,0.126628,0.123,0.128,1867.21,1609.0
1785893027,eth,1786089600000,1880.0,put,39.91,0.016766,0.016,0.0175,1865.99,325.0
1785893027,eth,1787904000000,1100.0,call,81.86,0.411148,0.4085,0.415,1867.25,50.0
1785893027,eth,1813910400000,800.0,call,70.13,0.601193,0.575,0.636,1920.64,117.0
1785893027,eth,1787299200000,1600.0,put,53.82,0.004226,0.0041,0.0044,1867.01,129.0
